CGGTTS     GENERIC DATA FORMAT VERSION = 2E
REV DATE = 2023-07-12
RCVR = PolaRx5TR (5.5.0)     SN3222961
CH = 80
IMS = PolaRx5TR
LAB = UGR
X = 5077155.269 m
Y = -321597.459 m
Z = 3835335.920 m
FRAME = ITRF
COMMENTS = LS=18; ElMask=10deg; 
INT DLY = 0.0 ns (Galileo E1),  0.0 ns (Galileo E5a)     CAL_ID = 
CAB DLY = 157.0 ns
REF DLY = 5.0 ns
REF = 
CKSUM = ab

SAT CL  MJD  STTIME TRKL ELV AZTH   REFSV      SRSV     REFSYS    SRSYS  DSG IOE MDTR SMDT MDIO SMDI MSIO SMSI ISG FR HC FRC CK
             hhmmss  s  .1dg .1dg    .1ns     .1ps/s     .1ns    .1ps/s .1ns     .1ns.1ps/s.1ns.1ps/s.1ns.1ps/s.1ns
E13 FF 60600 001400  780 244  427      257888     22        -318     18    8  68  180   36   98    3   98    3   6  0  0 L3E 92
E21 FF 60600 001400  780 388 1356     6228416     46        -339     25    9  68  119   14  134    1  134    1   6  0  0 L3E C3
E26 FF 60600 001400  780 791  440     2387338   -115        -348     -6    4  60   76    2   75    9   75    9   2  0  0 L3E 90
E31 FF 60600 001400  780 316 3145      394898    -17        -330    -30    4  68  142  -21   90   16   90   16   3  0  0 L3E CD
E33 FF 60600 001400  780 475 2230     -158691     -5        -342     -3    5  68  101   -9  115  -10  115  -10   4  0  0 L3E CE
E13 FF 60600 003000  780 194  438      257892     32        -317     29   16  69  224   56  126   -3  126   -3  10  0  0 L3E D9
E21 FF 60600 003000  780 334 1400     6228439     68        -338     47   11  69  135   20  163  -17  163  -17   8  0  0 L3E 0D
E26 FF 60600 003000  780 731  364     2387241    -96        -339     13    4  60   78    3   71   -7   71   -7   3  0  0 L3E 91
E31 FF 60600 003000  780 368 3143      394905     20        -335      7    5  69  125  -16  106   -9  106   -9   4  0  0 L3E C0
E33 FF 60600 003000  780 529 2295     -158704      0        -353      2    6  69   94   -7  127  -14  127  -14   4  0  0 L3E BD
E13 FF 60600 004600  780 145  455      257895     -1        -319     -5   35  71  294   95  135   15  135   15  24  0  0 L3E E5
E21 FF 60600 004600  780 280 1438     6228469     75        -333     54   19  71  159   29  181  -14  181  -14  13  0  0 L3E 2F
E26 FF 60600 004600  780 670  347     2387138   -107        -337      3    4  60   81    4   71    1   71    1   2  0  0 L3E 6A
E31 FF 60600 004600  780 420 3131      394909     17        -345      4    6  71  112  -12  106  -11  106  -11   4  0  0 L3E C5
E33 FF 60600 004600  780 580 2376     -158705     -2        -352      0    4  69   88   -5  114  -12  114  -12   3  0  0 L3E C0
E21 FF 60600 010200  780 225 1470     6228477     12        -347    -10   25  73  194   46  214   49  214   49  15  0  0 L3E 12
E26 FF 60600 010200  780 612  353     2387037   -103        -337      6    5  73   85    5   80    5   80    5   3  0  0 L3E 6C
E31 FF 60600 010200  780 471 3105      394924     18        -343      5    5  72  102   -9   99   -8   99   -8   3  0  0 L3E 98
E33 FF 60600 010200  780 626 2477     -158710     -2        -356      0    3  69   84   -3  108   -6  108   -6   2  0  0 L3E A0
E21 FF 60600 011800  780 171 1497     6228514     15        -330     -7   40  74  252   79  250   97  250   97  26  0  0 L3E 12
E26 FF 60600 011800  780 555  370     2386935    -98        -333     12    5  74   91    6   83    0   83    0   3  0  0 L3E 7F
E31 FF 60600 011800  780 519 3061      394934     15        -346      2    5  72   95   -6  100    0  100    0   3  0  0 L3E 6D
E33 FF 60600 011800  780 666 2604     -158708     -3        -352     -2    3  69   81   -2  102   -2  102   -2   3  0  0 L3E 9F
E21 FF 60600 013400  780 117 1518     6228565    129        -300    107   34  76  362  162  311   62  311   62  17  0  0 L3E 33
E26 FF 60600 013400  780 501  395     2386837    -83        -327     27    4  76   97    8   85  -10   85  -10   3  0  0 L3E C8
E31 FF 60600 013400  780 561 2994      394945     10        -347     -3    3  72   90   -4  100    0  100    0   2  0  0 L3E 78
E33 FF 60600 013400  780 696 2763     -158702     -7        -338     -4    2  76   80   -1   93    1   93    1   2  0  0 L3E 7A
E12 FF 60600 015000  780 221 2473    12549334      5        -368   -153   35  77  198  -35  225   63  225   63  26  0  0 L3E 3F
E26 FF 60600 015000  780 450  426     2386734    -91        -325     19    8  77  106   10   88   -4   88   -4   5  0  0 L3E C1
E31 FF 60600 015000  780 594 2899      394959     17        -344      3    6  77   87   -2   99    0   99    0   4  0  0 L3E 8C
E33 FF 60600 015000  780 714 2950     -158704     -2        -341      0    4  77   79   -1   92   -4   92   -4   4  0  0 L3E 7E
E12 FF 60600 020600  780 260 2528    12549503    121        -351    -38   14  77  170  -24  180   -7  180   -7   9  0  0 L3E 24
E26 FF 60600 020600  780 401  460     2386634   -112        -322     -3    5  78  116   12   91    7   91    7   3  0  0 L3E 98
E31 FF 60600 020600  780 613 2780      394977      9        -340     -5    4  78   85   -1   96    0   96    0   2  0  0 L3E 6B
E33 FF 60600 020600  780 717 3150     -158700    -13        -334    -10    5  77   79    0   88    9   88    9   3  0  0 L3E 96
E07 FF 60600 022200  780 116  714     1477180    -61        -283    -82   29  81  362  -60  155   40  155   40  18  0  0 L3E 1B
E12 FF 60600 022200  780 297 2586    12549642    142        -364    -17    9  77  150  -17  164  -14  164  -14   6  0  0 L3E 49
E24 FF 60600 022200  780 225 3166    10468004    158        -355    -55   35  81  194  -36  137   42  137   42  25  0  0 L3E 49
E26 FF 60600 022200  780 355  497     2386532   -142        -319    -32    7  78  128   14   95   32   95   32   5  0  0 L3E ED
E31 FF 60600 022200  780 614 2647      394990     11        -339     -2    3  78   85    1   96    2   96    2   2  0  0 L3E 6B
E33 FF 60600 022200  780 707 3340     -158701      7        -334      9    3  77   79    1   87   -3   87   -3   2  0  0 L3E 70
E07 FF 60600 023800  780 133  659     1477192    -83        -292   -103   27  82  319  -32  140   51  140   51  17  0  0 L3E 31
E10 FF 60600 023800  780 116 2562     6637266    245         537    221  473  81  363 -107 -191 -189 -191 -189 269  0  0 L3E DF
E12 FF 60600 023800  780 333 2648    12549799    173        -360     15    7  82  136  -13  148  -19  148  -19   5  0  0 L3E 4B
E24 FF 60600 023800  780 266 3134    10468229    163        -335    -50   10  82  166  -23  115   28  115   28   6  0  0 L3E 32
E26 FF 60600 023800  780 312  537     2386423    -90        -322     19   10  78  144   18  103   -8  103   -8   7  0  0 L3E E5
E29 FF 60600 023800  780 149 1183      382331     18        -312    -11   17  72  287  -81  179   -7  179   -7  11  0  0 L3E 16
E31 FF 60600 023800  780 596 2520      394997      6        -345     -8    4  78   87    2  102    9  102    9   3  0  0 L3E 8A
E33 FF 60600 023800  780 687 3504     -158697      2        -328      4    3  77   80    1   83   -3   83   -3   2  0  0 L3E 77
E07 FF 60600 025400  780 142  604     1477219     51        -285     30   25  84  299  -13  119  -28  119  -28  14  0  0 L3E 28
E10 FF 60600 025400  780 151 2614     6636572   -358        -183   -382  218  83  283  -64  147   81  147   81 117  0  0 L3E 90
E12 FF 60600 025400  780 368 2714    12549966    192        -344     34   10  83  124  -10  125  -38  125  -38   6  0  0 L3E 49
E24 FF 60600 025400  780 303 3092    10468432    205        -336     -7   12  82  148  -15  111    0  111    0   7  0  0 L3E DF
E26 FF 60600 025400  780 271  580     2386324   -141        -316    -31   11  84  164   23  106   30  106   30   8  0  0 L3E FB
E29 FF 60600 025400  780 191 1138      382353     32        -327      2   14  84  227  -49  177  -21  177  -21   8  0  0 L3E 02
E31 FF 60600 025400  780 563 2412      395016     12        -339     -1    4  84   90    4  103    3  103    3   2  0  0 L3E 68
E33 FF 60600 025400  780 661   43     -158702     -9        -338     -7    4  84   82    2   84    6   84    6   3  0  0 L3E 51
E07 FF 60600 031000  780 145  549     1477219      8        -304    -13   26  85  294    3  124    3  124    3  15  0  0 L3E B4
E10 FF 60600 031000  780 185 2667     6636712    830         -67    806  236  85  233  -43   34 -495   34 -495 133  0  0 L3E 81
E12 FF 60600 031000  780 401 2782    12550126    190        -337     32    6  83  116   -8  107  -28  107  -28   4  0  0 L3E 0E
E24 FF 60600 031000  780 333 3040    10468633    232        -339     20    7  82  136  -10  108  -14  108  -14   4  0  0 L3E 11
E26 FF 60600 031000  780 232  624     2386219   -134        -315    -25   15  85  189   30  112   24  112   24  12  0  0 L3E 0C
E29 FF 60600 031000  780 231 1089      382377     19        -333    -11   14  85  189  -31  164  -13  164  -13  10  0  0 L3E 22
E31 FF 60600 031000  780 519 2328      395026     37        -340     23    5  85   95    7  106  -14  106  -14   4  0  0 L3E BF
E33 FF 60600 031000  780 632  161     -158695      0        -330      2    4  85   84    2   79    3   79    3   2  0  0 L3E 38
E07 FF 60600 032600  780 139  495     1477229     49        -314     28   29  87  305   20  122  -25  122  -25  17  0  0 L3E 1B
E10 FF 60600 032600  780 219 2722     6636471    -34        -332    -59   68  85  199  -30  137   -4  137   -4  63  0  0 L3E 39
E12 FF 60600 032600  780 433 2853    12550274    160        -340      2    7  83  109   -7  102   -6  102   -6   4  0  0 L3E D1
E19 FF 60600 032600  780 155 1491    -7879892   -440        -325    144   25  83  276  -90  186 -165  186 -165  18  0  0 L3E C3
E24 FF 60600 032600  780 355 2978    10468832    221        -345      8    8  87  128   -6  108  -14  108  -14   5  0  0 L3E 1E
E26 FF 60600 032600  780 194  670     2386099   -113        -331     -3   17  87  223   41  132   -3  132   -3  10  0  0 L3E F9
E29 FF 60600 032600  780 269 1035      382400      9        -337    -21    7  87  164  -21  154   -7  154   -7   4  0  0 L3E D5
E31 FF 60600 032600  780 467 2263      395038     22        -343      9    4  87  103    9  115   -1  115   -1   2  0  0 L3E 99
E33 FF 60600 032600  780 602  264     -158697     -4        -331     -2    5  86   86    3   81    4   81    4   4  0  0 L3E 5C
E07 FF 60600 034200  780 126  445     1477260     40        -303     20   40  89  335   44  111  -15  111  -15  27  0  0 L3E F7
E10 FF 60600 034200  780 252 2778     6636510      3        -317    -21   20  85  175  -22  127    4  127    4  12  0  0 L3E DD
E12 FF 60600 034200  780 465 2927    12550428    185        -338     27    5  83  103   -5   96  -26   96  -26   3  0  0 L3E 0D
E19 FF 60600 034200  780 207 1461    -7880501   -554        -372     30   28  83  210  -53  197  -64  197  -64  20  0  0 L3E 68
E24 FF 60600 034200  780 367 2909    10469048    206        -335     -7    8  89  125   -2  100    3  100    3   5  0  0 L3E D4
E26 FF 60600 034200  780 159  718     2386013    -12        -312     98   22  89  270   59  131  -56  131  -56  13  0  0 L3E 25
E29 FF 60600 034200  780 303  976      382431     38        -335      9    5  89  148  -14  138  -20  138  -20   3  0  0 L3E DF
E31 FF 60600 034200  780 412 2212      395053     33        -342     20    8  89  113   13  119  -11  119  -11   5  0  0 L3E CD
E33 FF 60600 034200  780 571  357     -158694     -6        -325     -4    4  86   89    3   80    4   80    4   3  0  0 L3E 65
E07 FF 60600 035800  780 106  399     1477329     99        -253     79   93  90  396   86   72  -57   72  -57  52  0  0 L3E 2D
E10 FF 60600 035800  780 285 2835     6636519     22        -329     -2   10  90  156  -17  122   -5  122   -5   7  0  0 L3E F4
E12 FF 60600 035800  780 495 3005    12550581    177        -340     19    4  90   98   -5   90  -14   90  -14   3  0  0 L3E EE
E19 FF 60600 035800  780 261 1429    -7881059   -568        -367     17   18  90  169  -34  178  -16  178  -16  12  0  0 L3E 8C
E24 FF 60600 035800  780 369 2835    10469238    225        -349     12    7  89  124    1  110  -11  110  -11   5  0  0 L3E 0B
E26 FF 60600 035800  780 124  766     2385931     -9        -291    101   42  90  340   91  127  -56  127  -56  26  0  0 L3E 2E
E29 FF 60600 035800  780 330  911      382444     88        -350     58    9  89  137   -9  137  -55  137  -55   7  0  0 L3E FD
E31 FF 60600 035800  780 355 2171      395065     16        -344      3    6  90  128   18  125   10  125   10   4  0  0 L3E B3
E33 FF 60600 035800  780 540  443     -158700      4        -330      6    4  86   92    4   84   -5   84   -5   3  0  0 L3E 59
E10 FF 60600 041400  780 319 2892     6636539      5        -333    -19   10  91  141  -14  115   -3  115   -3   6  0  0 L3E EB
E12 FF 60600 041400  780 525 3086    12550730    159        -344      0    6  92   94   -4   88   -4   88   -4   4  0  0 L3E BC
E19 FF 60600 041400  780 316 1394    -7881619   -597        -363    -13   13  92  142  -23  159    5  159    5   8  0  0 L3E 37
E24 FF 60600 041400  780 360 2761    10469454    217        -338      4    6  89  127    4  103    0  103    0   4  0  0 L3E B3
E29 FF 60600 041400  780 349  841      382476     49        -347     19    7  89  130   -5  125  -21  125  -21   5  0  0 L3E E4
E31 FF 60600 041400  780 299 2137      395086     24        -336     11    7  92  150   27  128   -3  128   -3   5  0  0 L3E CA
E33 FF 60600 041400  780 509  524     -158698      2        -326      4    4  86   96    4   82   -2   82   -2   3  0  0 L3E 62
E10 FF 60600 043000  780 354 2950     6636568     17        -328     -8    9  91  129  -11   99   -5   99   -5   6  0  0 L3E DF
E12 FF 60600 043000  780 555 3171    12550879    160        -349      1    5  93   91   -3   87    0   87    0   3  0  0 L3E 9B
E19 FF 60600 043000  780 371 1353    -7882170   -574        -352     11    8  92  124  -16  140  -13  140  -13   5  0  0 L3E 2B
E24 FF 60600 043000  780 341 2689    10469651    227        -345     14    8  89  133    8  112   -3  112   -3   5  0  0 L3E EC
E29 FF 60600 043000  780 358  769      382516     38        -335      9    6  89  127   -1  109  -18  109  -18   4  0  0 L3E E0
E31 FF 60600 043000  780 242 2107      395093     25        -341     11   10  93  181   40  147   16  147   16   6  0  0 L3E CF
E33 FF 60600 043000  780 478  602     -158697    -10        -324     -8    5  93  101    5   84    8   84    8   3  0  0 L3E 85
E10 FF 60600 044600  780 389 3008     6636591     33        -328      8    9  91  119  -10   92  -12   92  -12   7  0  0 L3E E3
E12 FF 60600 044600  780 584 3263    12551035    171        -347     13    4  95   88   -3   83   -9   83   -9   3  0  0 L3E D5
E19 FF 60600 044600  780 424 1304    -7882732   -559        -353     26    8  92  111  -11  128  -32  128  -32   5  0  0 L3E 40
E24 FF 60600 044600  780 314 2623    10469862    213        -339      0    9  89  143   13  114    3  114    3   5  0  0 L3E CC
E25 FF 60600 044600  780 140 3141     -102342   -518        -182   -514  281  90  303  -36   53  389   53  389 174  0  0 L3E 7A
E29 FF 60600 044600  780 357  696      382548     46        -331     16    5  89  128    2  103  -16  103  -16   4  0  0 L3E D7
E31 FF 60600 044600  780 188 2079      395097      2        -349    -11   29  95  230   64  174   55  174   55  21  0  0 L3E 0B
E33 FF 60600 044600  780 447  676     -158711    -15        -334    -14    5  95  106    6   95   13   95   13   3  0  0 L3E BD
E04 FF 60600 050200  780 143 1821      591017     11        -302    -83   16  97  300 -116  171   28  171   28  10  0  0 L3E 08
E10 FF 60600 050200  780 426 3067     6636619     42        -324     17    4  91  110   -8   84  -19   84  -19   3  0  0 L3E DB
E12 FF 60600 050200  780 613 3362    12551191    167        -341      9    5  97   85   -2   80   -1   80   -1   3  0  0 L3E A7
E19 FF 60600 050200  780 474 1243    -7883290   -550        -350     35    7  92  101   -8  118  -37  118  -37   4  0  0 L3E 2F
E24 FF 60600 050200  780 280 2563    10470066    192        -334    -20    8  97  158   19  117   17  117   17   5  0  0 L3E 18
E25 FF 60600 050200  780 153 3090     -102625    259        -453    264  152  96  279  -15  275 -341  275 -341 120  0  0 L3E 9A
E29 FF 60600 050200  780 346  628      382570     37        -336      7   10  97  131    6  104   -7  104   -7   6  0  0 L3E A6
E31 FF 60600 050200  780 136 2052      395118    150        -342    136   23  97  313  115  190  -65  190  -65  12  0  0 L3E 39
E33 FF 60600 050200  780 415  748     -158717      6        -338      8    5  95  113    7  105    1  105    1   3  0  0 L3E 6D
E04 FF 60600 051800  780 200 1816      591075     34        -334    -60   16  97  218  -63  162   15  162   15  10  0  0 L3E 07
E10 FF 60600 051800  780 464 3126     6636641     15        -333    -10    6  98  103   -7   78    4   78    4   4  0  0 L3E AC
E12 FF 60600 051800  780 641 3472    12551349    162        -336      4    5  98   83   -2   77    0   77    0   3  0  0 L3E 9F
E19 FF 60600 051800  780 518 1166    -7883850   -580        -333      5    4  98   95   -5  108   -5  108   -5   3  0  0 L3E FB
E24 FF 60600 051800  780 242 2508    10470262    122        -343    -91   17  97  181   29  132   64  132   64  11  0  0 L3E 33
E25 FF 60600 051800  780 157 3035     -102481    220        -305    225  138  96  271   -2  117  -65  117  -65  85  0  0 L3E 4F
E29 FF 60600 051800  780 325  567      382611     47        -323     18    8  98  139   10   99   -8   99   -8   5  0  0 L3E BD
E33 FF 60600 051800  780 383  817     -158710     -3        -329     -1    7  95  120    9  109   13  109   13   4  0  0 L3E AF
E04 FF 60600 053400  780 259 1813      591152     30        -347    -64   11  97  170  -38  156   28  156   28   8  0  0 L3E 0F
E10 FF 60600 053400  780 505 3186     6636664     10        -335    -15    4 100   97   -6   76   14   76   14   3  0  0 L3E C9
E11 FF 60600 053400  780 258 3010   -12203697   1708        -331      6   12  95  171  -25  105   -8  105   -8   8  0  0 L3E 22
E12 FF 60600 053400  780 667 3598    12551500    173        -340     14    3 100   81   -2   79   -7   79   -7   2  0  0 L3E D8
E19 FF 60600 053400  780 552 1072    -7884412   -559        -332     27    6 100   91   -3  108  -17  108  -17   5  0  0 L3E 2B
E24 FF 60600 053400  780 201 2459    10470478    271        -331     59   45  97  216   45  139  -24  139  -24  42  0  0 L3E 55
E29 FF 60600 053400  780 296  514      382642     33        -322      3    9 100  151   15  107   15  107   15   7  0  0 L3E B2
E33 FF 60600 053400  780 350  883     -158705    -12        -323    -10    5  95  130   11  119   38  119   38   4  0  0 L3E E0
E04 FF 60600 055000  780 321 1814      591241    124        -345     31    9 101  140  -25  152  -21  152  -21   6  0  0 L3E F6
E10 FF 60600 055000  780 547 3248     6636691     52        -333     27    6 101   92   -5   73  -14   73  -14   5  0  0 L3E D9
E11 FF 60600 055000  780 299 3053   -12202055   1659        -323    -43    9  95  150  -20   93   26   93   26   5  0  0 L3E 20
E12 FF 60600 055000  780 688  144    12551658    171        -337     13    5 101   80   -1   81    1   81    1   3  0  0 L3E 98
E19 FF 60600 055000  780 573  961    -7884966   -585        -324      0    5 101   89   -1  107    7  107    7   3  0  0 L3E DC
E24 FF 60600 055000  780 158 2414    10470784    773        -229    560  112  97  272   73   93 -392   93 -392  67  0  0 L3E 92
E25 FF 60600 055000  780 144 2923     -102423    -43        -238    -38  198  97  296   29   75   22   75   22 114  0  0 L3E 2D
E29 FF 60600 055000  780 261  472      382661     19        -331    -10   13 100  169   24  138   33  138   33   9  0  0 L3E E9
E33 FF 60600 055000  780 315  947     -158716     25        -332     27    7  95  143   15  159   13  159   13   4  0  0 L3E D8
E04 FF 60600 060600  780 385 1816      591329    111        -346     17    9 103  120  -18  154   -4  154   -4   5  0  0 L3E F3
E06 FF 60600 060600  780 165 1957      370899     93        -297     51   13 102  261  -89  155  -20  155  -20  11  0  0 L3E 3D
E10 FF 60600 060600  780 591 3314     6636712     24        -336     -1    3 103   87   -4   83   13   83   13   2  0  0 L3E AA
E11 FF 60600 060600  780 341 3094   -12200426   1706        -335      4    9 103  133  -16   92   -6   92   -6   6  0  0 L3E F8
E12 FF 60600 060600  780 703  312    12551812    171        -337     12    3 103   79   -1   91    4   91    4   2  0  0 L3E 91
E19 FF 60600 060600  780 578  842    -7885521   -584        -317      2    9 102   88    0  113   16  113   16   6  0  0 L3E EB
E24 FF 60600 060600  780 115 2372    10471197     21         -20   -192  209  97  368  135   43  154   43  154 119  0  0 L3E 62
E25 FF 60600 060600  780 126 2868     -101714   1530         476   1535  547  97  336   54 -307 -832 -307 -832 305  0  0 L3E D6
E29 FF 60600 060600  780 221  439      382701     58        -319     29   10 100  198   37  168   25  168   25   6  0  0 L3E F3
E33 FF 60600 060600  780 279 1008     -158716    -12        -334    -10    7 103  159   20  205   67  205   67   4  0  0 L3E 03
E04 FF 60600 062200  780 450 1820      591424     79        -341    -15    8 105  106  -13  162   18  162   18   6  0  0 L3E F3
E06 FF 60600 062200  780 222 1967      370933     14        -304    -28    8 102  197  -50  177   34  177   34   4  0  0 L3E 04
E10 FF 60600 062200  780 637 3387     6636744     23        -329     -2    3 103   83   -3   94   23   94   23   2  0  0 L3E BB
E11 FF 60600 062200  780 387 3133   -12198788   1698        -333     -4    6 103  119  -13  103   24  103   24   4  0  0 L3E 3E
E12 FF 60600 062200  780 707  497    12551969    165        -332      7    6 103   79    0  106   17  106   17   4  0  0 L3E D9
E19 FF 60600 062200  780 566  729    -7886086   -594        -320     -8    5 102   89    2  134   30  134   30   4  0  0 L3E FA
E25 FF 60600 062200  780 103 2815     -102029  -1383         167  -1378  341 105  407  101 -121  724 -121  724 190  0  0 L3E CB
E29 FF 60600 062200  780 177  416      382733      1        -319    -29   12 105  244   61  216   82  216   82   8  0  0 L3E E4
E33 FF 60600 062200  780 242 1066     -158712    -60        -330    -58   10 105  181   27  265  103  265  103   6  0  0 L3E 2C
E04 FF 60600 063800  780 517 1824      591513     69        -343    -24    6 106   95   -9  174   28  174   28   4  0  0 L3E F3
E06 FF 60600 063800  780 281 1981      370952     54        -322     12   10 106  158  -32  202   -8  202   -8   8  0  0 L3E F1
E10 FF 60600 063800  780 685 3473     6636766     27        -331      2    4 103   80   -3  118   23  118   23   3  0  0 L3E CE
E11 FF 60600 063800  780 434 3168   -12197146   1737        -325     34    7 103  109  -10  117    3  117    3   4  0  0 L3E 1B
E12 FF 60600 063800  780 699  684    12552117    151        -337     -7    4 103   80    1  132   29  132   29   2  0  0 L3E E0
E19 FF 60600 063800  780 540  634    -7886644   -595        -315    -10    7 102   92    4  157   29  157   29   5  0  0 L3E 1B
E29 FF 60600 063800  780 131  401      382760    108        -320     78   38 106  324  113  275   22  275   22  22  0  0 L3E 12
E33 FF 60600 063800  780 204 1120     -158744    -37        -362    -36   14 106  213   40  364  111  364  111   9  0  0 L3E 2F
E04 FF 60600 065400  780 584 1829      591606     77        -342    -17    4 108   88   -7  185   27  185   27   2  0  0 L3E FD
E06 FF 60600 065400  780 342 2000      370980     29        -334    -13   10 108  133  -21  226   22  226   22   7  0  0 L3E F2
E10 FF 60600 065400  780 732 3586     6636784     13        -339    -12    4 108   78   -2  143   33  143   33   3  0  0 L3E F4
E11 FF 60600 065400  780 485 3200   -12195514   1693        -327     -9    6 103  100   -8  144   29  144   29   4  0  0 L3E 2E
E12 FF 60600 065400  780 679  854    12552271    143        -334    -16    5 103   81    2  160   39  160   39   3  0  0 L3E F2
E19 FF 60600 065400  780 502  561    -7887218   -575        -341     11    5 108   97    6  196   32  196   32   3  0  0 L3E 08
E33 FF 60600 065400  780 164 1171     -158704     59        -325     60   10 108  262   64  438   61  438   61   7  0  0 L3E 0C
E04 FF 60600 071000  780 652 1831      591695     93        -344      0    5 109   82   -5  197   13  197   13   3  0  0 L3E C5
E06 FF 60600 071000  780 403 2025      371010     59        -345     17    8 109  115  -15  243   -9  243   -9   6  0  0 L3E D9
E09 FF 60600 071000  780 179 2093     6289268     81        -351    -59   13 104  242  -73  339   38  339   38  10  0  0 L3E 50
E10 FF 60600 071000  780 777  161     6636804     26        -342      1    3 109   77   -1  167   21  167   21   2  0  0 L3E B3
E11 FF 60600 071000  780 538 3227   -12193884   1735        -332     32    6 103   93   -7  165   -7  165   -7   4  0  0 L3E 21
E12 FF 60600 071000  780 647  999    12552423    167        -340      8    4 109   83    3  193   23  193   23   3  0  0 L3E DC
E19 FF 60600 071000  780 458  510    -7887776   -593        -335     -7    8 109  104    9  230   44  230   44   5  0  0 L3E 11
E33 FF 60600 071000  780 122 1218     -158689     25        -310     27   26 108  346  116  552  110  552  110  17  0  0 L3E 3C
E04 FF 60600 072600  780 720 1825      591787    102        -342      8    5 110   79   -3  204   -1  204   -1   3  0  0 L3E B4
E06 FF 60600 072600  780 464 2056      371049     51        -346      9    7 111  103  -11  251   -5  251   -5   4  0  0 L3E C6
E09 FF 60600 072600  780 234 2120     6289409    152        -354     12   14 111  188  -43  340   -5  340   -5   7  0  0 L3E 16
E10 FF 60600 072600  780 808  465     6636826     21        -344     -4    5 110   76    0  189   20  189   20   3  0  0 L3E BF
E11 FF 60600 072600  780 594 3247   -12192256   1701        -337     -2    7 111   87   -5  179   16  179   16   4  0  0 L3E 2D
E12 FF 60600 072600  780 607 1117    12552575    167        -342      7    4 111   86    4  226   29  226   29   2  0  0 L3E E9
E19 FF 60600 072600  780 409  476    -7888338   -593        -334     -7    6 109  114   12  268   42  268   42   4  0  0 L3E 33
E04 FF 60600 074200  780 787 1792      591873     89        -345     -4    3 113   76   -2  218   14  218   14   2  0  0 L3E DC
E06 FF 60600 074200  780 526 2094      371086     39        -349     -3    5 112   94   -8  255    6  255    6   4  0  0 L3E B4
E09 FF 60600 074200  780 289 2151     6289545    172        -352     31   12 112  154  -28  336  -29  336  -29   9  0  0 L3E 57
E10 FF 60600 074200  780 806  878     6636851     29        -343      4    5 113   76    0  209   18  209   18   3  0  0 L3E BE
E11 FF 60600 074200  780 653 3258   -12190623   1713        -335     11    6 113   82   -4  195    7  195    7   4  0  0 L3E 00
E12 FF 60600 074200  780 561 1213    12552734    156        -335     -3   10 113   90    5  254   42  254   42   6  0  0 L3E F0
E19 FF 60600 074200  780 359  457    -7888899   -588        -333     -2    8 109  127   16  316   71  316   71   5  0  0 L3E 41
E04 FF 60600 075800  780 849 1626      591965     91        -344     -3    4 114   75   -1  228   12  228   12   3  0  0 L3E D6
E06 FF 60600 075800  780 587 2143      371124     36        -350     -6    6 112   87   -6  259    9  259    9   4  0  0 L3E BD
E09 FF 60600 075800  780 344 2189     6289679    156        -353     15    5 112  132  -19  335  -11  335  -11   3  0  0 L3E 42
E10 FF 60600 075800  780 770 1176     6636876     24        -342     -1    4 114   77    1  231   24  231   24   3  0  0 L3E CA
E11 FF 60600 075800  780 713 3251   -12188989   1694        -334     -9    3 114   79   -3  210   20  210   20   2  0  0 L3E 1D
E12 FF 60600 075800  780 511 1291    12552889    173        -332     14    5 114   96    7  286   23  286   23   3  0  0 L3E 06
E19 FF 60600 075800  780 307  449    -7889450   -582        -322      3   12 109  146   23  365   52  365   52   8  0  0 L3E 31
E04 FF 60600 081400  780 864  678      592051     83        -347    -11    5 114   75    0  239   16  239   16   4  0  0 L3E C8
E06 FF 60600 081400  780 647 2208      371159     32        -353    -10    4 116   83   -4  264    5  264    5   3  0  0 L3E B2
E09 FF 60600 081400  780 398 2234     6289823    151        -345     11    9 112  117  -14  323   -9  323   -9   6  0  0 L3E 17
E10 FF 60600 081400  780 717 1340     6636902     28        -342      2    4 116   79    3  253   22  253   22   3  0  0 L3E B5
E11 FF 60600 081400  780 774 3201   -12187354   1700        -332     -3    5 115   77   -2  223   13  223   13   4  0  0 L3E 03
E12 FF 60600 081400  780 458 1355    12553040    150        -335    -10    7 114  104   10  323   49  323   49   5  0  0 L3E 11
E19 FF 60600 081400  780 257  451    -7890006   -585        -318      1   11 116  172   32  418   63  418   63   7  0  0 L3E 1F
E36 FF 60600 081400  780 257 3171     2981475    125        -324     73   11 116  172  -33  328  -46  328  -46   7  0  0 L3E 52
E04 FF 60600 083000  780 808  383      592144    112        -344     18    4 114   76    1  248  -10  248  -10   3  0  0 L3E CE
E06 FF 60600 083000  780 704 2299      371203     39        -348     -3    4 117   79   -3  261    3  261    3   2  0  0 L3E A1
E09 FF 60600 083000  780 451 2287     6289954    154        -348     14    6 112  105  -10  316  -19  316  -19   4  0  0 L3E 3B
E10 FF 60600 083000  780 658 1439     6636929     17        -341     -8    8 117   82    4  272   26  272   26   5  0  0 L3E E5
E11 FF 60600 083000  780 830 3006   -12185726   1693        -338    -10    6 115   75   -1  232   15  232   15   4  0  0 L3E 1F
E12 FF 60600 083000  780 403 1409    12553190    132        -338    -28    7 114  115   14  366   76  366   76   6  0  0 L3E 2C
E19 FF 60600 083000  780 207  459    -7890571   -634        -326    -48   12 117  210   49  468   79  468   79   8  0  0 L3E 65
E36 FF 60600 083000  780 309 3175     2981532     29        -317    -23    9 117  145  -23  316    6  316    6   6  0  0 L3E F7
E04 FF 60600 084600  780 747  342      592236     93        -343     -1    4 119   77    2  256   18  256   18   3  0  0 L3E BB
E06 FF 60600 084600  780 755 2441      371241     46        -351      4    4 118   77   -2  262   -2  262   -2   3  0  0 L3E AA
E09 FF 60600 084600  780 502 2350     6290088    155        -349     14    7 119   97   -7  309  -16  309  -16   5  0  0 L3E 25
E10 FF 60600 084600  780 596 1507     6636947     12        -348    -13    5 119   87    6  301   39  301   39   2  0  0 L3E F4
E11 FF 60600 084600  780 847 2375   -12184096   1705        -344      3    6 115   75    0  246    6  246    6   3  0  0 L3E EC
E12 FF 60600 084600  780 347 1453    12553342    123        -339    -36   12 114  131   19  420   94  420   94   9  0  0 L3E 38
E19 FF 60600 084600  780 159  474    -7891121   -586        -319     -1   22 119  270   79  523   76  523   76  14  0  0 L3E 57
E36 FF 60600 084600  780 362 3170     2981568     27        -333    -25    6 119  126  -17  312    2  312    2   3  0  0 L3E ED
E04 FF 60600 090200  780 688  344      592328     83        -342    -11    3 121   80    3  268   22  268   22   2  0  0 L3E B9
E06 FF 60600 090200  780 795 2682      371281     32        -351     -9    3 118   76   -1  265    1  265    1   2  0  0 L3E A5
E09 FF 60600 090200  780 551 2425     6290222    146        -348      5    5 121   91   -5  302  -13  302  -13   4  0  0 L3E E4
E10 FF 60600 090200  780 532 1556     6636970      4        -349    -22    4 121   93    8  333   46  333   46   2  0  0 L3E D2
E11 FF 60600 090200  780 798 2000   -12182459   1702        -341     -1    5 115   76    2  258   22  258   22   3  0  0 L3E 05
E12 FF 60600 090200  780 290 1490    12553489    186        -345     27   17 114  154   29  492   63  492   63  12  0  0 L3E 53
E19 FF 60600 090200  780 112  495    -7891686   -643        -321    -57   36 121  375  148  608  143  608  143  21  0  0 L3E 93
E36 FF 60600 090200  780 414 3154     2981619     61        -332      9    6 119  113  -12  303   -8  303   -8   4  0  0 L3E E3
E04 FF 60600 091800  780 631  362      592420     98        -341      4    4 122   84    4  283   22  283   22   2  0  0 L3E 98
E06 FF 60600 091800  780 809 3050      371318     41        -353     -1    4 118   76    0  272    6  272    6   3  0  0 L3E 93
E09 FF 60600 091800  780 596 2516     6290357    154        -348     13    4 121   87   -4  297   -7  297   -7   2  0  0 L3E 0D
E10 FF 60600 091800  780 467 1594     6636996     15        -349    -11    4 121  103   11  366   46  366   46   2  0  0 L3E 18
E11 FF 60600 091800  780 733 1901   -12180825   1694        -347     -9    5 122   78    3  277   19  277   19   3  0  0 L3E 2C
E12 FF 60600 091800  780 233 1520    12553639    180        -353     20   11 122  188   45  573   93  573   93   6  0  0 L3E 37
E36 FF 60600 091800  780 465 3123     2981663     43        -338    -10    4 119  103   -9  302   -1  302   -1   3  0  0 L3E E8
E04 FF 60600 093400  780 576  387      592510     98        -340      4    4 124   88    5  302   21  302   21   3  0  0 L3E 9A
E06 FF 60600 093400  780 790 3390      371358     39        -350     -2    3 124   76    1  276   15  276   15   1  0  0 L3E C3
E09 FF 60600 093400  780 635 2625     6290490    130        -350    -11    4 121   83   -3  296   15  296   15   3  0  0 L3E 00
E10 FF 60600 093400  780 403 1624     6637017     30        -353      4    6 124  115   16  411   47  411   47   5  0  0 L3E D4
E11 FF 60600 093400  780 664 1866   -12179191   1695        -348     -8    5 123   82    4  298   28  298   28   3  0  0 L3E 3F
E12 FF 60600 093400  780 176 1545    12553803    209        -342     49   19 124  245   77  667   95  667   95  13  0  0 L3E 69
E36 FF 60600 093400  780 513 3073     2981712     49        -339     -4    4 119   96   -6  299    3  299    3   3  0  0 L3E D9
E04 FF 60600 095000  780 524  418      592600     90        -339     -4    4 125   94    7  328   32  328   32   3  0  0 L3E AD
E06 FF 60600 095000  780 752    3      371398     33        -350     -8    3 125   77    2  283   15  283   15   2  0  0 L3E 87
E09 FF 60600 095000  780 668 2757     6290625    144        -350      4    3 121   81   -2  294    0  294    0   2  0  0 L3E BF
E10 FF 60600 095000  780 340 1647     6637052     21        -342     -5    6 125  134   23  459   60  459   60   4  0  0 L3E EF
E11 FF 60600 095000  780 595 1853   -12177560   1714        -352     11    6 123   87    6  327   22  327   22   3  0  0 L3E 18
E12 FF 60600 095000  780 120 1564    12554012    315        -286    155  105 125  353  159  801  134  801  134  62  0  0 L3E 8B
E36 FF 60600 095000  780 553 3000     2981762     58        -345      5    3 125   91   -4  302   -2  302   -2   2  0  0 L3E B5
E04 FF 60600 100600  780 474  453      592693    100        -336      6    6   0  101    8  356   23  356   23   4  0  0 L3E 92
E05 FF 60600 100600  780 206 2514   -47936761   -148        -359   -114   50   0  211  -39  566   48  566   48  40  0  0 L3E 73
E06 FF 60600 100600  780 709  138      371438     43        -347      2    5   0   79    2  299   24  299   24   4  0  0 L3E 86
E09 FF 60600 100600  780 692 2913     6290765    154        -345     14    3 121   80   -1  299   -9  299   -9   2  0  0 L3E FE
E10 FF 60600 100600  780 277 1665     6637068     11        -351    -15    9   0  160   34  541   97  541   97   6  0  0 L3E EA
E11 FF 60600 100600  780 526 1848   -12175927   1711        -354      8    6 123   94    9  363   27  363   27   4  0  0 L3E 15
E34 FF 60600 100600  780 131 3234     1405026    109        -263     88   88 125  325 -121  533 -139  533 -139  79  0  0 L3E 90
E36 FF 60600 100600  780 583 2901     2981821     58        -338      5    5   0   88   -2  303   -3  303   -3   3  0  0 L3E 9B
E04 FF 60600 102200  780 427  490      592785     90        -334     -4    9   2  110   10  394   47  394   47   7  0  0 L3E B3
E05 FF 60600 102200  780 244 2566   -47936792     12        -359     45   26   2  180  -27  540  -82  540  -82  15  0  0 L3E 4C
E06 FF 60600 102200  780 664  236      371478     44        -346      3    4   2   82    3  314   10  314   10   3  0  0 L3E 61
E09 FF 60600 102200  780 705 3088     6290887    134        -347     -5    2   2   79    0  304    4  304    4   1  0  0 L3E 95
E10 FF 60600 102200  780 216 1678     6637106    108        -337     83    9   0  202   55  636   91  636   91   6  0  0 L3E EF
E11 FF 60600 102200  780 457 1847   -12174286   1693        -348    -10    5 123  104   13  397   54  397   54   3  0  0 L3E 53
E34 FF 60600 102200  780 177 3217     1404964     83        -346     61   39 125  243  -61  579  -85  579  -85  22  0  0 L3E 63
E36 FF 60600 102200  780 597 2780     2981865     57        -344      4    5   0   87    0  313    6  313    6   3  0  0 L3E 84
E04 FF 60600 103800  780 383  530      592872     73        -337    -21    7   3  120   12  424   47  424   47   5  0  0 L3E BA
E05 FF 60600 103800  780 281 2621   -47936797    -68        -335    -35   13   3  158  -20  484  -15  484  -15   9  0  0 L3E 63
E06 FF 60600 103800  780 620  317      371519     47        -344      6    4   2   85    4  323   -1  323   -1   2  0  0 L3E 5D
E09 FF 60600 103800  780 707 3269     6291024    138        -343     -2    4   2   79    0  300   -6  300   -6   3  0  0 L3E A6
E10 FF 60600 103800  780 157 1687     6637104    -47        -364    -72   13   0  274  101  819  249  819  249   7  0  0 L3E 4F
E11 FF 60600 103800  780 390 1846   -12172655   1698        -356     -5    8   3  119   18  452   60  452   60   5  0  0 L3E 22
E31 FF 60600 103800  780 141 1230      395408    -21        -331    -35   26   2  302  -94  829 -128  829 -128  26  0  0 L3E 49
E34 FF 60600 103800  780 222 3191     1404998     92        -338     70   25   3  197  -37  529  -95  529  -95  15  0  0 L3E 45
E36 FF 60600 103800  780 593 2651     2981919     56        -340      3    4   0   87    1  311   -1  311   -1   3  0  0 L3E 8A
E04 FF 60600 105400  780 340  573      592967     87        -332     -7    8   5  133   15  450   51  450   51   7  0  0 L3E B1
E05 FF 60600 105400  780 317 2678   -47936826    -38        -336     -5   12   5  142  -15  450  -22  450  -22   7  0  0 L3E 3B
E06 FF 60600 105400  780 577  387      371559     49        -343      8    4   2   88    4  333   15  333   15   3  0  0 L3E 8A
E09 FF 60600 105400  780 698 3442     6291159    146        -343      7    3   2   80    1  300    0  300    0   2  0  0 L3E 77
E11 FF 60600 105400  780 324 1844   -12171009   1686        -348    -17   14   5  139   25  507   86  507   86  10  0  0 L3E 51
E31 FF 60600 105400  780 185 1187      395415     55        -338     42   13   2  233  -55  745  -33  745  -33  10  0  0 L3E 0F
E34 FF 60600 105400  780 262 3155     1405017     43        -341     21   13   5  169  -23  489  -63  489  -63   8  0  0 L3E 13
E36 FF 60600 105400  780 571 2531     2981968     57        -342      4    4   0   89    3  323   11  323   11   2  0  0 L3E 9A
E04 FF 60600 111000  780 300  617      593058     89        -331     -5   13   6  149   18  495   58  495   58  10  0  0 L3E DD
E05 FF 60600 111000  780 353 2738   -47936867    -37        -346     -4    9   6  129  -12  425  -30  425  -30   6  0  0 L3E 2F
E06 FF 60600 111000  780 536  453      371600     47        -342      6    4   2   93    5  352   12  352   12   3  0  0 L3E 5F
E09 FF 60600 111000  780 682 3597     6291293    145        -343      5    3   2   80    1  308    0  308    0   2  0  0 L3E 80
E11 FF 60600 111000  780 261 1841   -12169368   1738        -343     34   11   6  169   39  601  100  601  100   9  0  0 L3E 3B
E31 FF 60600 111000  780 229 1140      395456     39        -310     25   15   2  191  -35  668  -90  668  -90  10  0  0 L3E 0B
E34 FF 60600 111000  780 297 3109     1405046     49        -333     27    5   6  150  -15  442  -49  442  -49   3  0  0 L3E F8
E36 FF 60600 111000  780 534 2431     2982015     48        -346     -5    5   0   93    5  344   28  344   28   3  0  0 L3E A8
E04 FF 60600 113800  780 233  697      593204     55        -340    -38    7   9  187   29  585   67  585   67   4  0  0 L3E E9
E05 FF 60600 113800  780 413 2849   -47936917    -12        -341     21    7   9  113   -8  378  -28  378  -28   5  0  0 L3E 35
E06 FF 60600 113800  780 467  560      371669     54        -342     14    5   9  103    7  379    8  379    8   3  0  0 L3E 95
E09 FF 60600 113800  780 642  225     6291527    142        -346      2    4   9   83    2  315    3  315    3   3  0  0 L3E 73
E11 FF 60600 113800  780 156 1831   -12166520   1716        -357     12   18   6  276  101  931  232  931  232  11  0  0 L3E 64
E24 FF 60600 113800  780 146 1566    10475130    177        -348    -37   22   9  293 -103  973 -123  973 -123  15  0  0 L3E 95
E31 FF 60600 113800  780 299 1047      395475    -17        -310    -31   11   9  149  -17  534  -32  534  -32   9  0  0 L3E 1C
E34 FF 60600 113800  780 340 3005     1405082     -3        -338    -25    7   9  133   -6  411   10  411   10   4  0  0 L3E B2
E36 FF 60600 113800  780 449 2305     2982104     48        -354     -5    7   9  106   10  404   37  404   37   5  0  0 L3E D3
E04 FF 60600 115400  780 197  744      593308    141        -326     48   15  11  219   39  627   23  627   23   9  0  0 L3E F6
E05 FF 60600 115400  780 447 2915   -47936954    -28        -345      5    5  11  106   -7  370  -12  370  -12   3  0  0 L3E 1A
E06 FF 60600 115400  780 429  620      371705     48        -345      8    7   9  110    8  401   18  401   18   4  0  0 L3E 86
E09 FF 60600 115400  780 616  336     6291665    132        -342     -8    5  11   85    2  320   20  320   20   3  0  0 L3E A8
E24 FF 60600 115400  780 199 1540    10475351    139        -332    -74   13  11  219  -59  824  -74  824  -74   5  0  0 L3E 60
E31 FF 60600 115400  780 333  985      395477     10        -320     -4    7  11  136  -12  507  -57  507  -57   3  0  0 L3E E5
E34 FF 60600 115400  780 351 2936     1405108      2        -332    -20    7   9  130   -2  408   27  408   27   4  0  0 L3E B9
E36 FF 60600 115400  780 393 2254     2982160     44        -350     -9    8   9  118   15  441   65  441   65   5  0  0 L3E DD
E04 FF 60600 121000  780 162  792      593408     80        -317    -13   21  12  264   56  684   84  684   84  12  0  0 L3E FD
E05 FF 60600 121000  780 481 2983   -47936991    -43        -350    -10    4  12  100   -6  361   -9  361   -9   3  0  0 L3E 0E
E06 FF 60600 121000  780 393  678      371751     49        -338      9    5   9  118    9  424   29  424   29   3  0  0 L3E A5
E09 FF 60600 121000  780 588  436     6291802    140        -339      0    5  12   87    3  330   14  330   14   3  0  0 L3E 9F
E24 FF 60600 121000  780 254 1513    10475536    255        -352     42    9  12  174  -37  711 -156  711 -156   6  0  0 L3E 50
E31 FF 60600 121000  780 360  917      395482     -4        -328    -18    6  12  127   -7  462  -22  462  -22   4  0  0 L3E D7
E34 FF 60600 121000  780 351 2862     1405115     17        -347     -5    7   9  130    2  434   21  434   21   4  0  0 L3E A2
E36 FF 60600 121000  780 336 2212     2982207     69        -354     16    5   9  135   21  490   35  490   35   4  0  0 L3E D5
E04 FF 60600 122600  780 128  840      593505    126        -309     33   57  14  331   86  730   46  730   46  31  0  0 L3E FB
E05 FF 60600 122600  780 515 3055   -47937018    -56        -344    -23    5  14   95   -5  334   -4  334   -4   3  0  0 L3E 01
E06 FF 60600 122600  780 357  736      371789     50        -339      9    6   9  128   11  453   22  453   22   3  0  0 L3E AC
E09 FF 60600 122600  780 559  528     6291932    131        -343     -9    2  14   90    3  331   15  331   15   1  0  0 L3E B6
E24 FF 60600 122600  780 311 1484    10475741    245        -350     31   15  13  144  -25  595 -147  595 -147  11  0  0 L3E 79
E31 FF 60600 122600  780 378  843      395489     29        -331     16    5  14  122   -4  421  -35  421  -35   3  0  0 L3E D7
E34 FF 60600 122600  780 340 2788     1405139     17        -350     -6    8  14  133    6  435    6  435    6   5  0  0 L3E AC
E36 FF 60600 122600  780 278 2177     2982258     47        -355     -6   11   9  160   31  561   94  561   94   8  0  0 L3E 02
E05 FF 60600 124200  780 550 3130   -47937051    -34        -345     -1    5  16   91   -4  320   -9  320   -9   3  0  0 L3E DB
E06 FF 60600 124200  780 322  792      371827     52        -342     11    6  16  140   14  471   25  471   25   5  0  0 L3E B5
E09 FF 60600 124200  780 529  614     6292060    153        -349     13    7  16   94    4  346    4  346    4   4  0  0 L3E A5
E15 FF 60600 124200  780 118 3214     1335756     85        -293     63   96  16  358  -66  591   -2  591   -2  69  0  0 L3E 2C
E24 FF 60600 124200  780 369 1451    10475941    215        -355      2    9  13  124  -17  514  -72  514  -72   6  0  0 L3E 1E
E31 FF 60600 124200  780 386  766      395497      4        -336     -9   10  15  120   -1  408   -3  408   -3   7  0  0 L3E B0
E34 FF 60600 124200  780 320 2718     1405157     27        -352      5    6  15  141   10  453   24  453   24   3  0  0 L3E BD
E36 FF 60600 124200  780 222 2146     2982318     31        -346    -23   11  16  197   48  673  175  673  175   7  0  0 L3E 3D
E03 FF 60600 125800  780 134 2881     1474587   -967        -152   -993  295  17  316  -83  514  494  514  494 167  0  0 L3E DA
E05 FF 60600 125800  780 585 3210   -47937082    -39        -344     -6    4  17   88   -3  306   -9  306   -9   2  0  0 L3E 02
E06 FF 60600 125800  780 287  848      371858     10        -350    -31   13  17  155   18  517   72  517   72   9  0  0 L3E F7
E09 FF 60600 125800  780 498  694     6292203    144        -340      4    5  17   98    5  356   19  356   19   3  0  0 L3E D0
E15 FF 60600 125800  780 136 3165     1335874    257        -197    235  197  16  312  -34  501 -212  501 -212 115  0  0 L3E 9D
E24 FF 60600 125800  780 426 1411    10476152    186        -349    -28    7  13  110  -12  460  -15  460  -15   6  0  0 L3E 33
E31 FF 60600 125800  780 383  690      395505     -3        -340    -16    7  15  120    2  403    7  403    7   5  0  0 L3E 87
E34 FF 60600 125800  780 291 2652     1405185     17        -346     -5    8  15  153   16  477   41  477   41   4  0  0 L3E EE
E36 FF 60600 125800  780 167 2116     2982355     53        -360     -1   10  17  258   82  869  244  869  244   7  0  0 L3E 3A
E05 FF 60600 131400  780 620 3298   -47937118    -19        -348     14    3  19   85   -3  296  -22  296  -22   2  0  0 L3E 29
E06 FF 60600 131400  780 252  903      371919     88        -329     48   11  19  175   24  553   14  553   14   6  0  0 L3E E2
E09 FF 60600 131400  780 466  771     6292346    132        -331     -8    6  19  103    6  368   29  368   29   4  0  0 L3E E6
E24 FF 60600 131400  780 482 1361    10476357    193        -349    -21    6  13  100   -9  424  -23  424  -23   4  0  0 L3E 20
E25 FF 60600 131400  780 151 1843     -102623    -46        -351    -43   13  15  285 -106 1059 -233 1059 -233   6  0  0 L3E 7E
E31 FF 60600 131400  780 369  620      395516     24        -341     11    7  15  124    6  399   -2  399   -2   4  0  0 L3E A7
E34 FF 60600 131400  780 256 2593     1405212     34        -341     12   15  15  172   24  520   44  520   44   9  0  0 L3E E1
E36 FF 60600 131400  780 115 2088     2982437    209        -329    155   39  19  369  160 1089  159 1089  159  26  0  0 L3E B8
E03 FF 60600 133000  780 209 2966     1474502     93        -287     68   64  20  208  -38  460 -137  460 -137  38  0  0 L3E 68
E05 FF 60600 133000  780 655 3398   -47937150    -27        -348      6    2  20   82   -2  285  -13  285  -13   2  0  0 L3E 0B
E06 FF 60600 133000  780 216  956      371940     57        -347     16   13  19  202   33  623   61  623   61   9  0  0 L3E D5
E09 FF 60600 133000  780 432  844     6292475    168        -336     28    6  20  109    7  394    6  394    6   3  0  0 L3E C6
E24 FF 60600 133000  780 535 1296    10476558    192        -347    -21    5  20   93   -6  377  -22  377  -22   3  0  0 L3E 24
E25 FF 60600 133000  780 208 1841     -102645     24        -371     27   11  15  209  -58  857 -206  857 -206   6  0  0 L3E 41
E31 FF 60600 133000  780 345  558      395530     -3        -340    -16    9  15  132   10  400   14  400   14   6  0  0 L3E A8
E34 FF 60600 133000  780 216 2539     1405222      5        -352    -18   30  15  202   38  594   85  594   85  20  0  0 L3E 04
E03 FF 60600 134600  780 249 3006     1474509    -35        -307    -60    9  22  177  -28  429    3  429    3   5  0  0 L3E F2
E05 FF 60600 134600  780 689 3516   -47937184    -20        -350     14    3  22   80   -2  278  -13  278  -13   2  0  0 L3E 1E
E06 FF 60600 134600  780 180 1007      372006    115        -323     74   13  22  240   48  678   37  678   37   9  0  0 L3E FF
E09 FF 60600 134600  780 397  912     6292608    131        -338     -9    4  21  117    9  419   33  419   33   2  0  0 L3E E0
E24 FF 60600 134600  780 580 1208    10476761    213        -347      0    6  22   88   -4  343  -35  343  -35   3  0  0 L3E F9
E25 FF 60600 134600  780 269 1842     -102637    -52        -356    -48    7  22  165  -36  681 -102  681 -102   5  0  0 L3E 4D
E31 FF 60600 134600  780 314  506      395550     31        -331     18   10  22  143   15  400    4  400    4   6  0  0 L3E 8A
E34 FF 60600 134600  780 174 2491     1405503    513         -98    490  362  22  248   60  519   32  519   32 232  0  0 L3E 49
E03 FF 60600 140200  780 291 3044     1474521     14        -319    -11    7  24  153  -21  397  -41  397  -41   5  0  0 L3E 0C
E05 FF 60600 140200  780 720   63   -47937211    -26        -345      8    4  22   79   -1  271  -10  271  -10   3  0  0 L3E CC
E06 FF 60600 140200  780 143 1056      372085      0        -286    -41   21  24  298   76  751  147  751  147  13  0  0 L3E 18
E09 FF 60600 140200  780 361  977     6292741    135        -340     -5    6  21  126   12  443   31  443   31   4  0  0 L3E D6
E15 FF 60600 140200  780 131 2943     1335951   -330        -201   -352  194  24  324   41  523  242  523  242 108  0  0 L3E 78
E24 FF 60600 140200  780 614 1095    10476963    202        -347    -11    3  24   85   -2  319  -12  319  -12   2  0  0 L3E 0A
E25 FF 60600 140200  780 331 1845     -102638      9        -350     13   10  24  137  -24  557 -117  557 -117   7  0  0 L3E 24
E31 FF 60600 140200  780 276  465      395567     -7        -327    -20   10  24  161   22  413   45  413   45   6  0  0 L3E D3
E03 FF 60600 141800  780 335 3079     1474529     10        -336    -15    5  25  135  -17  372  -28  372  -28   3  0  0 L3E 1F
E05 FF 60600 141800  780 743  252   -47937244    -24        -346      9    4  22   78   -1  270   -9  270   -9   2  0  0 L3E DA
E06 FF 60600 141800  780 106 1103      372123    -44        -288    -85   34  25  397  138  880  195  880  195  25  0  0 L3E 62
E09 FF 60600 141800  780 323 1038     6292870    126        -345    -14    7  21  139   15  490   60  490   60   4  0  0 L3E 08
E15 FF 60600 141800  780 111 2888     1336212   1910          39   1888  347  25  379   75  435 -998  435 -998 195  0  0 L3E DC
E24 FF 60600 141800  780 631  960    10477176    212        -339     -1    2  25   84   -1  299  -26  299  -26   2  0  0 L3E 04
E25 FF 60600 141800  780 395 1852     -102650     10        -357     14    8  25  117  -17  473  -79  473  -79   4  0  0 L3E 1A
E31 FF 60600 141800  780 233  435      395582      2        -325    -12   10  25  188   34  433   45  433   45   6  0  0 L3E CB
E03 FF 60600 143400  780 382 3111     1474557     17        -333     -9    6  27  121  -13  335  -19  335  -19   4  0  0 L3E 03
E05 FF 60600 143400  780 754  481   -47937280    -50        -351    -17    5  22   77    0  274   14  274   14   4  0  0 L3E EF
E09 FF 60600 143400  780 284 1096     6293001    144        -348      4   10  21  156   21  535   42  535   42   5  0  0 L3E EF
E24 FF 60600 143400  780 629  819    10477382    203        -337    -10    3  27   84    1  287   -1  287   -1   2  0  0 L3E DB
E25 FF 60600 143400  780 460 1861     -102650     -1        -349      3    5  27  104  -12  403  -63  403  -63   4  0  0 L3E D7
E31 FF 60600 143400  780 188  414      395576     51        -345     38   12  27  230   56  479    6  479    6   7  0  0 L3E CE
E03 FF 60600 145000  780 431 3138     1474571     37        -344     11    4  28  109  -11  319  -45  319  -45   2  0  0 L3E 04
E05 FF 60600 145000  780 746  721   -47937312    -30        -349      3    5  28   78    1  272   -5  272   -5   3  0  0 L3E C7
E09 FF 60600 145000  780 243 1149     6293131    104        -350    -35   10  28  180   30  590   94  590   94   6  0  0 L3E 16
E24 FF 60600 145000  780 609  695    10477582    215        -340      2    4  28   86    2  283  -10  283  -10   2  0  0 L3E D9
E25 FF 60600 145000  780 527 1873     -102653    -15        -347    -11    4  28   94   -9  351  -36  351  -36   4  0  0 L3E 00
E31 FF 60600 145000  780 141  402      395575     10        -357     -3   32  28  303  101  506   24  506   24  18  0  0 L3E DB
E03 FF 60600 150600  780 482 3160     1474592     23        -347     -3    4  28  100   -9  293  -27  293  -27   3  0  0 L3E F7
E05 FF 60600 150600  780 721  927   -47937343    -41        -349     -8    5  30   79    1  272    3  272    3   4  0  0 L3E BF
E09 FF 60600 150600  780 201 1198     6293273    131        -344     -9   13  30  216   45  663   93  663   93   9  0  0 L3E 16
E24 FF 60600 150600  780 574  600    10477783    209        -343     -4    4  30   89    4  278   -3  278   -3   2  0  0 L3E D0
E25 FF 60600 150600  780 594 1886     -102661    -32        -352    -28    5  28   87   -6  316  -20  316  -20   3  0  0 L3E FF
E02 FF 60600 152200  780 161 2124    -1676895    -19        -353     10   12  32  267  -88  868 -286  868 -286   7  0  0 L3E 85
E03 FF 60600 152200  780 536 3175     1474618     14        -345    -12    5  32   93   -7  272   -6  272   -6   3  0  0 L3E D1
E05 FF 60600 152200  780 684 1084   -47937373    -42        -345     -9    4  32   80    2  273    8  273    8   2  0  0 L3E D5
E09 FF 60600 152200  780 158 1242     6293423    176        -329     36   16  32  272   75  771  136  771  136   8  0  0 L3E 46
E24 FF 60600 152200  780 529  534    10477988    204        -342     -8    6  31   94    6  278    6  278    6   5  0  0 L3E C9
E25 FF 60600 152200  780 662 1902     -102665     -3        -352      0    4  28   82   -4  285  -27  285  -27   2  0  0 L3E C8
E02 FF 60600 153800  780 214 2151    -1676925      7        -356     36    8  33  203  -50  662 -186  662 -186   6  0  0 L3E 3E
E03 FF 60600 153800  780 592 3179     1474641     30        -348      5    5  33   87   -5  257  -19  257  -19   3  0  0 L3E F0
E05 FF 60600 153800  780 638 1201   -47937399    -37        -340     -4    7  33   83    4  277   14  277   14   5  0  0 L3E 02
E09 FF 60600 153800  780 113 1283     6293604    409        -281    269   72  32  372  144  955  113  955  113  39  0  0 L3E 80
E24 FF 60600 153800  780 480  492    10478195    212        -339      0    5  31  100    8  280    7  280    7   4  0  0 L3E AE
E25 FF 60600 153800  780 730 1918     -102672    -11        -356     -7    4  28   78   -3  263  -18  263  -18   2  0  0 L3E F3
E02 FF 60600 155400  780 268 2185    -1676950    -38        -354    -10   11  35  165  -32  541  -93  541  -93   6  0  0 L3E 53
E03 FF 60600 155400  780 649 3167     1474665     37        -348     11    4  35   83   -4  243  -22  243  -22   3  0  0 L3E EE
E05 FF 60600 155400  780 587 1290   -47937438    -36        -347     -3    6  34   87    5  290   13  290   13   4  0  0 L3E 02
E24 FF 60600 155400  780 429  468    10478402    224        -337     12    7  31  110   11  286   -1  286   -1   5  0  0 L3E E5
E25 FF 60600 155400  780 797 1933     -102672     -7        -346     -3    3  35   76   -2  243  -16  243  -16   2  0  0 L3E DD
E02 FF 60600 161000  780 321 2224    -1676976     -7        -352     21    9  36  140  -21  443  -97  443  -97   6  0  0 L3E 1C
E03 FF 60600 161000  780 706 3125     1474693     25        -345     -1    4  36   79   -3  229   -9  229   -9   2  0  0 L3E C8
E05 FF 60600 161000  780 532 1360   -47937469    -36        -347     -3    8  34   93    7  303   14  303   14   6  0  0 L3E EE
E08 FF 60600 161000  780 187 3148     3529350     59        -374     -1   36  31  232  -60  488  -87  488  -87  23  0  0 L3E 4E
E24 FF 60600 161000  780 376  458    10478612    236        -330     23    7  31  122   15  293   -1  293   -1   4  0  0 L3E E1
E25 FF 60600 161000  780 863 1925     -102674    -15        -345    -11    3  36   75   -1  225  -12  225  -12   2  0  0 L3E E7
E02 FF 60600 162600  780 373 2270    -1677005    -17        -355     11    9  38  123  -15  377  -74  377  -74   6  0  0 L3E 36
E03 FF 60600 162600  780 759 3020     1474711     26        -351      0    4  38   77   -2  220   -6  220   -6   2  0  0 L3E 9F
E05 FF 60600 162600  780 476 1415   -47937496    -33        -342      0    9  34  101   10  314   13  314   13   7  0  0 L3E F9
E08 FF 60600 162600  780 236 3155     3529398     70        -391      8   12  38  186  -38  425  -65  425  -65   7  0  0 L3E 32
E24 FF 60600 162600  780 324  458    10478806    243        -341     31    8  38  139   20  309  -16  309  -16   5  0  0 L3E 1A
E25 FF 60600 162600  780 872  269     -102681      3        -347      7    4  37   75    0  211  -20  211  -20   3  0  0 L3E 8F
E02 FF 60600 164200  780 424 2323    -1677036     10        -356     39    9  40  111  -11  320  -79  320  -79   6  0  0 L3E 0F
E03 FF 60600 164200  780 798 2781     1474733     17        -353     -9    4  40   76   -1  211   -5  211   -5   2  0  0 L3E BE
E05 FF 60600 164200  780 418 1461   -47937536    -26        -351      7    6  34  112   13  333    0  333    0   5  0  0 L3E D2
E08 FF 60600 164200  780 287 3155     3529466    103        -383     42   11  40  155  -26  364  -76  364  -76   6  0  0 L3E 46
E24 FF 60600 164200  780 274  467    10479017    178        -334    -35    7  40  162   28  305   31  305   31   5  0  0 L3E 05
E25 FF 60600 164200  780 809  251     -102685      2        -348      6    4  37   76    1  197  -22  197  -22   3  0  0 L3E A7
E02 FF 60600 165800  780 473 2385    -1677058    -40        -350    -11    5  41  102   -8  274  -30  274  -30   4  0  0 L3E 1A
E03 FF 60600 165800  780 799 2407     1474761     36        -349     10    2  40   76    1  203  -12  203  -12   2  0  0 L3E D2
E05 FF 60600 165800  780 360 1498   -47937563     -9        -343     24    5  41  127   18  348    3  348    3   4  0  0 L3E F9
E08 FF 60600 165800  780 337 3145     3529549     82        -359     21    6  41  134  -18  304  -54  304  -54   3  0  0 L3E 1C
E24 FF 60600 165800  780 225  482    10479225    222        -330     10   11  41  194   40  308   -6  308   -6   5  0  0 L3E F3
E25 FF 60600 165800  780 748  274     -102690     -8        -349     -4    4  37   77    2  188   -5  188   -5   3  0  0 L3E B4
E02 FF 60600 171400  780 520 2458    -1677081    -26        -344      2    5  43   95   -6  234  -32  234  -32   3  0  0 L3E E9
E03 FF 60600 171400  780 761 2144     1474785     22        -351     -4    3  40   77    2  200    0  200    0   2  0  0 L3E 75
E05 FF 60600 171400  780 302 1528   -47937594    -46        -341    -13   10  43  148   27  391   65  391   65   7  0  0 L3E 46
E08 FF 60600 171400  780 387 3124     3529614     74        -353     13    6  43  119  -13  257  -55  257  -55   4  0  0 L3E 1D
E24 FF 60600 171400  780 178  503    10479432    167        -326    -45   15  43  242   62  301   21  301   21   9  0  0 L3E 09
E25 FF 60600 171400  780 690  303     -102689      7        -344     11    3  37   80    3  174  -14  174  -14   2  0  0 L3E A7
E02 FF 60600 173000  780 563 2542    -1677106    -45        -340    -16    4  44   90   -4  199  -25  199  -25   2  0  0 L3E 15
E03 FF 60600 173000  780 704 2019     1474807     29        -353      3    3  40   79    3  201   -3  201   -3   2  0  0 L3E 8C
E05 FF 60600 173000  780 244 1553   -47937621    -51        -337    -18   23  44  180   41  469  125  469  125  19  0  0 L3E 7A
E08 FF 60600 173000  780 434 3090     3529677     72        -349     10    4  44  109   -9  219  -39  219  -39   2  0  0 L3E 10
E24 FF 60600 173000  780 133  528    10479626    219        -336      7   16  43  320  104  280  -39  280  -39  10  0  0 L3E 35
E25 FF 60600 173000  780 634  336     -102696     -5        -341      0    5  44   84    4  165  -11  165  -11   4  0  0 L3E 9E
E02 FF 60600 174600  780 601 2641    -1677139    -34        -342     -6    5  46   86   -3  176  -24  176  -24   3  0  0 L3E 06
E03 FF 60600 174600  780 640 1959     1474833     25        -352     -1    3  46   83    5  199   -3  199   -3   3  0  0 L3E C7
E05 FF 60600 174600  780 187 1572   -47937652    -44        -336    -10   18  46  232   69  631  219  631  219   8  0  0 L3E 77
E08 FF 60600 174600  780 477 3039     3529737     49        -348    -13    8  46  101   -7  192  -14  192  -14   5  0  0 L3E 22
E25 FF 60600 174600  780 580  372     -102700      0        -341      5    4  46   88    5  155  -15  155  -15   3  0  0 L3E 95
E02 FF 60600 180200  780 635 2757    -1677168    -47        -341    -18    6  48   84   -2  152  -13  152  -13   3  0  0 L3E 16
E03 FF 60600 180200  780 574 1927     1474861     28        -350      2    3  48   89    7  198    0  198    0   2  0  0 L3E 9E
E05 FF 60600 180200  780 131 1587   -47937723    -34        -374     -1   23  48  325  134 1044  682 1044  682  32  0  0 L3E 98
E08 FF 60600 180200  780 513 2969     3529797     56        -347     -6    3  46   96   -4  173  -16  173  -16   2  0  0 L3E 06
E25 FF 60600 180200  780 529  410     -102709     -4        -346      1    4  48   94    6  146  -14  146  -14   2  0  0 L3E A2
E30 FF 60600 180200  780 142 2486     8291927    899        -290    502  172  48  300  -81  443 -491  443 -491 126  0  0 L3E BC
E02 FF 60600 181800  780 661 2891    -1677200    -40        -344    -11    3  49   82   -1  131  -19  131  -19   1  0  0 L3E 02
E03 FF 60600 181800  780 507 1908     1474886     15        -350    -11    5  49   96    9  203   14  203   14   4  0  0 L3E D5
E08 FF 60600 181800  780 538 2879     3529857     61        -346     -1    6  46   93   -2  154  -15  154  -15   4  0  0 L3E 03
E10 FF 60600 181800  780 107  603     6637767     27        -378      2   37  49  390  -49  239  -32  239  -32  20  0  0 L3E 27
E11 FF 60600 181800  780 135  869   -12125612   1779        -357     73   36  49  314  -74  258  -78  258  -78  22  0  0 L3E 93
E25 FF 60600 181800  780 481  451     -102712     10        -345     14    5  49  100    8  135  -19  135  -19   3  0  0 L3E C7
E30 FF 60600 181800  780 180 2535     8292079    555        -518    159  411  49  239  -50  565 -258  565 -258 400  0  0 L3E CA
E02 FF 60600 183400  780 679 3041    -1677229    -34        -344     -5    3  51   81   -1  111  -18  111  -18   2  0  0 L3E F1
E03 FF 60600 183400  780 441 1896     1474909     13        -351    -13    6  51  107   13  221   36  221   36   4  0  0 L3E E9
E07 FF 60600 183400  780 147 3204     1478324   -147        -334   -168  101  49  290  -80  310  -30  310  -30  76  0  0 L3E 79
E08 FF 60600 183400  780 549 2775     3529909     49        -353    -13    5  51   91    0  145    0  145    0   4  0  0 L3E B7
E10 FF 60600 183400  780 118  548     6637827     66        -341     42   26  49  357  -20  192  -45  192  -45  16  0  0 L3E 38
E11 FF 60600 183400  780 165  815   -12123957   1784        -339     79   15  49  260  -42  209  -88  209  -88   9  0  0 L3E 7E
E25 FF 60600 183400  780 435  493     -102716      2        -346      6    6  50  108    9  125   -8  125   -8   4  0  0 L3E 8E
E30 FF 60600 183400  780 218 2586     8292644    504        -334    107   78  49  200  -33  291 -188  291 -188  74  0  0 L3E 9E
E02 FF 60600 185000  780 689 3202    -1677257    -28        -343      1    4  52   80    0   95  -16   95  -16   3  0  0 L3E C7
E03 FF 60600 185000  780 377 1887     1474927     35        -357      9    6  52  122   18  262   47  262   47   3  0  0 L3E F1
E07 FF 60600 185000  780 188 3177     1478386    209        -290    189   57  52  230  -47  206 -192  206 -192  33  0  0 L3E 9A
E08 FF 60600 185000  780 545 2665     3529970     60        -351     -2    5  52   92    1  138   -1  138   -1   3  0  0 L3E B4
E10 FF 60600 185000  780 120  493     6637898    -13        -293    -37   21  49  350    4  144    8  144    8  13  0  0 L3E E6
E11 FF 60600 185000  780 190  758   -12122323   1746        -343     41   18  49  228  -25  180  -55  180  -55  11  0  0 L3E 61
E25 FF 60600 185000  780 392  537     -102719     -2        -343      2    7  52  118   11  115   -6  115   -6   5  0  0 L3E 9E
E30 FF 60600 185000  780 254 2640     8293011    302        -348    -94   21  49  173  -24  241   11  241   11  14  0  0 L3E 20
E36 FF 60600 185000  780 161 1257     2983474     95        -341     43   13  52  266  -78  513 -263  513 -263   9  0  0 L3E 5D
E02 FF 60600 190600  780 689 3366    -1677288    -14        -345     15    4  54   80    0   86  -16   86  -16   3  0  0 L3E EC
E03 FF 60600 190600  780 313 1878     1474954    -22        -353    -48   12  54  143   26  335  136  335  136   9  0  0 L3E 45
E07 FF 60600 190600  780 225 3142     1478404     88        -291     67   33  54  194  -29  167  -94  167  -94  22  0  0 L3E 55
E08 FF 60600 190600  780 526 2562     3530033     65        -347      3    7  52   94    3  135    0  135    0   5  0  0 L3E 83
E10 FF 60600 190600  780 115  440     6637927    104        -287     80   39  49  365   29  131  -63  131  -63  26  0  0 L3E 33
E11 FF 60600 190600  780 207  698   -12120687   1719        -344     13   15  49  210  -14  158  -40  158  -40   9  0  0 L3E 57
E25 FF 60600 190600  780 351  582     -102723     -1        -341      4    6  54  130   13  113   -1  113   -1   3  0  0 L3E 82
E30 FF 60600 190600  780 290 2696     8293370    373        -369    -23    9  49  154  -18  210  -27  210  -27   6  0  0 L3E 41
E36 FF 60600 190600  780 210 1215     2983521     76        -344     24   20  54  208  -47  346 -146  346 -146  14  0  0 L3E 5A
E02 FF 60600 192200  780 682 3524    -1677320    -28        -347      1    3  56   80    1   80   -6   80   -6   2  0  0 L3E 97
E03 FF 60600 192200  780 252 1869     1474986     55        -344     30    7  56  175   40  461  162  461  162   7  0  0 L3E 20
E07 FF 60600 192200  780 257 3097     1478395     35        -319     15   18  55  172  -18  158  -24  158  -24  10  0  0 L3E 49
E08 FF 60600 192200  780 493 2471     3530082     71        -357     10    4  52   98    6  150    5  150    5   2  0  0 L3E 98
E10 FF 60600 192200  780 102  390     6638000     77        -241     52  100  56  409   66   92  -29   92  -29  56  0  0 L3E 04
E11 FF 60600 192200  780 217  637   -12119064   1719        -360     13   15  56  201   -5  152  -23  152  -23  10  0  0 L3E 36
E25 FF 60600 192200  780 311  629     -102728     11        -341     16   13  55  144   17  119   -2  119   -2   9  0  0 L3E C6
E30 FF 60600 192200  780 325 2754     8293767    398        -351      2    6  56  139  -14  174  -31  174  -31   3  0  0 L3E 20
E36 FF 60600 192200  780 257 1169     2983584     79        -330     27    8  55  172  -30  257  -69  257  -69   6  0  0 L3E 3F
E02 FF 60600 193800  780 669   69    -1677347    -38        -345     -8    3  56   81    1   76    3   76    3   2  0  0 L3E 8B
E03 FF 60600 193800  780 194 1859     1474993     75        -359     50   15  57  224   65  702  297  702  297   9  0  0 L3E 55
E07 FF 60600 193800  780 282 3045     1478413     13        -317     -7    7  57  158  -11  140   -4  140   -4   6  0  0 L3E E2
E08 FF 60600 193800  780 452 2396     3530149     68        -347      7    6  57  105    9  158   12  158   12   4  0  0 L3E DC
E11 FF 60600 193800  780 217  576   -12117428   1738        -362     32   19  57  200    3  138  -37  138  -37  12  0  0 L3E 4E
E25 FF 60600 193800  780 274  677     -102727     -8        -334     -3   15  55  162   21  122   10  122   10  11  0  0 L3E D3
E30 FF 60600 193800  780 359 2813     8294151    373        -349    -24    6  57  127  -11  151  -11  151  -11   4  0  0 L3E 2D
E36 FF 60600 193800  780 303 1118     2983639     38        -325    -14    9  55  148  -20  210  -37  210  -37   7  0  0 L3E 25
E02 FF 60600 195400  780 651  202    -1677379    -23        -346      7    3  59   82    1   73   -7   73   -7   2  0  0 L3E 97
E03 FF 60600 195400  780 138 1847     1475020    127        -357    101   48  57  310  120 1090   95 1090   95  73  0  0 L3E 6A
E07 FF 60600 195400  780 298 2985     1478416     55        -336     35    9  58  150   -6  142  -34  142  -34   5  0  0 L3E 19
E08 FF 60600 195400  780 404 2334     3530212     65        -343      3    4  59  115   12  177   26  177   26   3  0  0 L3E D1
E11 FF 60600 195400  780 209  517   -12115773   1693        -345    -13   16  58  208   12  110   -5  110   -5   9  0  0 L3E 24
E25 FF 60600 195400  780 237  726     -102734    -14        -338     -9   10  55  185   27  130   25  130   25   6  0  0 L3E E4
E30 FF 60600 195400  780 394 2874     8294543    407        -335     10    6  59  118   -9  119  -26  119  -26   3  0  0 L3E 29
E34 FF 60600 195400  780 161 1591     1405702    104        -369     83   11  59  267  -91  794 -415  794 -415   9  0  0 L3E 79
E36 FF 60600 195400  780 345 1059     2983679      1        -335    -51    9  55  132  -14  178    0  178    0   7  0  0 L3E E1
E02 FF 60600 201000  780 630  322    -1677408    -26        -348      4    3  60   84    2   72   -5   72   -5   2  0  0 L3E 77
E07 FF 60600 201000  780 305 2920     1478431    -16        -343    -37   10  60  147   -1  145   28  145   28   8  0  0 L3E FE
E08 FF 60600 201000  780 353 2284     3530277     75        -338     13    9  60  129   17  200   25  200   25   5  0  0 L3E D6
E11 FF 60600 201000  780 192  463   -12114142   1690        -353    -16   14  58  225   24  105    3  105    3   8  0  0 L3E F2
E25 FF 60600 201000  780 202  775     -102749     -5        -348      0   13  55  215   36  144   14  144   14   8  0  0 L3E B6
E30 FF 60600 201000  780 429 2937     8294914    383        -344    -13    5  59  110   -7  105  -10  105  -10   3  0  0 L3E 0A
E34 FF 60600 201000  780 218 1569     1405717     88        -374     66   17  60  200  -52  537 -247  537 -247  10  0  0 L3E 61
E36 FF 60600 201000  780 381  992     2983720     54        -344      2    4  55  121   -9  156  -29  156  -29   2  0  0 L3E E0
E02 FF 60600 202600  780 606  432    -1677438    -29        -349      1    3  62   86    2   70   -3   70   -3   2  0  0 L3E 83
E07 FF 60600 202600  780 302 2853     1478449     17        -345     -4    9  62  148    3  146    0  146    0   5  0  0 L3E AB
E08 FF 60600 202600  780 300 2241     3530335     43        -339    -18    7  61  149   25  244   72  244   72   6  0  0 L3E EC
E11 FF 60600 202600  780 168  415   -12112500   1717        -348     11   24  58  256   42   99   -8   99   -8  15  0  0 L3E 16
E25 FF 60600 202600  780 167  824     -102741   -125        -336   -120   21  62  256   52  147  101  147  101  12  0  0 L3E 35
E30 FF 60600 202600  780 464 3001     8295285    395        -354     -2    5  59  103   -6   95  -16   95  -16   3  0  0 L3E F0
E34 FF 60600 202600  780 277 1547     1405758    -11        -353    -32    8  62  160  -33  348 -132  348 -132   6  0  0 L3E 4D
E36 FF 60600 202600  780 409  916     2983775     30        -338    -22    6  62  114   -5  128   -8  128   -8   4  0  0 L3E E2
E02 FF 60600 204200  780 580  534    -1677467    -28        -349      2    4  64   88    3   70   -3   70   -3   3  0  0 L3E 8E
E07 FF 60600 204200  780 290 2786     1478457     20        -356      0    7  64  153    8  157   10  157   10   4  0  0 L3E C4
E08 FF 60600 204200  780 247 2204     3530394     65        -339      3   14  61  178   37  314   93  314   93  10  0  0 L3E F9
E11 FF 60600 204200  780 137  374   -12110858   1732        -345     26   23  58  311   76  103  -19  103  -19  14  0  0 L3E 47
E25 FF 60600 204200  780 133  873     -102745     15        -336     20   33  64  318   80  165   -8  165   -8  21  0  0 L3E E2
E30 FF 60600 204200  780 500 3067     8295668    394        -352     -3    5  59   97   -5   81   -8   81   -8   3  0  0 L3E C7
E34 FF 60600 204200  780 338 1523     1405771      5        -361    -16    9  64  134  -22  241  -78  241  -78   6  0  0 L3E 09
E36 FF 60600 204200  780 426  834     2983821     50        -342     -2    7  63  110   -3  110  -15  110  -15   4  0  0 L3E C7
E02 FF 60600 205800  780 552  628    -1677497    -21        -349      9    4  65   91    3   71   -3   71   -3   3  0  0 L3E 98
E07 FF 60600 205800  780 270 2722     1478478     43        -355     22   10  65  164   14  164   -7  164   -7   7  0  0 L3E F9
E08 FF 60600 205800  780 194 2170     3530451     78        -342     16   16  61  223   58  447  174  447  174  11  0  0 L3E 3A
E11 FF 60600 205800  780 100  340   -12109261   1753        -368     47  122  65  416  155  146   18  146   18  67  0  0 L3E 60
E30 FF 60600 205800  780 537 3136     8296050    368        -344    -28    5  65   93   -5   71   14   71   14   4  0  0 L3E D8
E34 FF 60600 205800  780 401 1494     1405789     17        -364     -4    5  65  116  -16  183  -39  183  -39   3  0  0 L3E 1B
E36 FF 60600 205800  780 432  748     2983860     42        -352    -10    6  63  109    0  106   -1  106   -1   4  0  0 L3E BA
E02 FF 60600 211400  780 522  715    -1677522    -26        -346      4    4  65   94    4   69   -4   69   -4   2  0  0 L3E 90
E07 FF 60600 211400  780 243 2662     1478492     80        -361     60   28  67  181   22  177   -1  177   -1  18  0  0 L3E 08
E08 FF 60600 211400  780 144 2138     3530494    -35        -357    -97   33  61  297  101  683  323  683  323  21  0  0 L3E 67
E30 FF 60600 211400  780 574 3209     8296428    422        -346     26    5  67   89   -4   66  -24   66  -24   4  0  0 L3E F0
E34 FF 60600 211400  780 463 1459     1405820     17        -354     -4    6  67  103  -11  139  -31  139  -31   6  0  0 L3E FD
E36 FF 60600 211400  780 424  666     2983916     39        -346    -13    6  63  111    3   94    7   94    7   4  0  0 L3E 9B
E02 FF 60600 213000  780 490  797    -1677557    -51        -349    -21    4  68   99    5   74   18   74   18   3  0  0 L3E D3
E07 FF 60600 213000  780 210 2606     1478524    -24        -348    -45   61  68  207   34  173   40  173   40  45  0  0 L3E 1E
E15 FF 60600 213000  780 155 1867     1336433    -31        -331    -54   14  68  276 -103  586 -374  586 -374   8  0  0 L3E 86
E27 FF 60600 213000  780 154 2949     4804446    885        -176    787  124  68  278  -67   62 -483   62 -483  72  0  0 L3E A6
E30 FF 60600 213000  780 613 3289     8296805    389        -349     -7    4  67   85   -3   63    2   63    2   2  0  0 L3E AA
E34 FF 60600 213000  780 524 1412     1405837      6        -358    -15    7  68   94   -8  120   -6  120   -6   5  0  0 L3E BA
E36 FF 60600 213000  780 405  591     2983968     41        -344    -11    7  63  115    6   89    8   89    8   4  0  0 L3E A3
E02 FF 60600 214600  780 457  874    -1677588    -16        -354     14    5  70  104    6   83    2   83    2   3  0  0 L3E 9F
E07 FF 60600 214600  780 173 2555     1478713   1020        -178   1000  302  70  248   54  126 -497  126 -497 166  0  0 L3E C4
E15 FF 60600 214600  780 215 1871     1336432      2        -354    -20   14  68  203  -56  340 -147  340 -147  10  0  0 L3E 3D
E30 FF 60600 214600  780 652 3378     8297182    395        -352     -1    3  67   82   -3   61    0   61    0   2  0  0 L3E 97
E34 FF 60600 214600  780 582 1345     1405860      8        -356    -13    5  69   88   -5  102   -5  102   -5   4  0  0 L3E C0
E36 FF 60600 214600  780 376  527     2984026     59        -343      6    7  70  122   10   81   -7   81   -7   4  0  0 L3E A0
E02 FF 60600 220200  780 422  946    -1677614    -16        -352     14    6  72  111    8   89   -2   89   -2   4  0  0 L3E AE
E07 FF 60600 220200  780 135 2507     1478811    161        -100    141  387  71  316   94  161   -8  161   -8 241  0  0 L3E 40
E15 FF 60600 220200  780 277 1878     1336438    -38        -367    -60   11  72  161  -35  232  -41  232  -41   6  0  0 L3E 38
E27 FF 60600 220200  780 234 3026     4804496     77        -318    -22   16  72  187  -33   92   -7   92   -7  10  0  0 L3E 00
E30 FF 60600 220200  780 691 3486     8297557    406        -357     10    3  72   80   -2   59   -8   59   -8   2  0  0 L3E CB
E34 FF 60600 220200  780 632 1249     1405877     19        -360     -2    6  69   84   -3   93  -10   93  -10   4  0  0 L3E C0
E36 FF 60600 220200  780 339  477     2984075     56        -346      4    9  71  134   14   84    0   84    0   6  0  0 L3E 88
E02 FF 60600 221800  780 384 1013    -1677634     -6        -343     24    5  73  120   10   92    0   92    0   3  0  0 L3E 8E
E15 FF 60600 221800  780 340 1890     1336472     21        -354     -2    8  73  133  -23  167  -33  167  -33   5  0  0 L3E 03
E27 FF 60600 221800  780 277 3061     4804594     51        -315    -48    9  73  160  -24   75   29   75   29   5  0  0 L3E F7
E30 FF 60600 221800  780 728   25     8297938    388        -356     -8    2  73   78   -2   59    7   59    7   1  0  0 L3E 9E
E34 FF 60600 221800  780 670 1112     1405897     30        -360      9    3  69   81   -2   86  -12   86  -12   2  0  0 L3E B2
E36 FF 60600 221800  780 296  439     2984139     35        -332    -17    5  71  151   21   81   27   81   27   4  0  0 L3E CC
E02 FF 60600 223400  780 345 1075    -1677670    -49        -351    -19    7  75  132   14  109   30  109   30   5  0  0 L3E 09
E15 FF 60600 223400  780 405 1906     1336489     40        -358     18    8  73  115  -16  139  -36  139  -36   6  0  0 L3E 1F
E27 FF 60600 223400  780 322 3093     4804668    106        -336      7    7  73  140  -19   80  -21   80  -21   4  0  0 L3E E6
E30 FF 60600 223400  780 759  215     8298316    385        -358    -11    3  75   77   -1   61    8   61    8   2  0  0 L3E A7
E34 FF 60600 223400  780 686  940     1405924     20        -354     -1    6  69   80    0   78   -1   78   -1   4  0  0 L3E 80
E36 FF 60600 223400  780 250  412     2984183     46        -338     -7   11  71  176   32   91   14   91   14   7  0  0 L3E C0
E02 FF 60600 225000  780 304 1133    -1677692     -4        -345     26    7  76  147   19  118   -2  118   -2   5  0  0 L3E E0
E15 FF 60600 225000  780 471 1926     1336513     22        -356      0    8  73  102  -11  117  -18  117  -18   5  0  0 L3E E9
E27 FF 60600 225000  780 370 3120     4804751     79        -348    -20    8  73  124  -15   80   12   80   12   5  0  0 L3E D1
E30 FF 60600 225000  780 776  474     8298692    401        -362      6    6  76   77    0   65   -5   65   -5   5  0  0 L3E 9E
E34 FF 60600 225000  780 678  764     1405948     25        -353      3    4  76   81    1   73   -3   73   -3   3  0  0 L3E 79
E36 FF 60600 225000  780 201  396     2984246     90        -325     38    8  71  216   52   87  -24   87  -24   5  0  0 L3E DE
E02 FF 60600 230600  780 261 1185    -1677723    -36        -347     -6   11  77  169   27  135   17  135   17   6  0  0 L3E 18
E15 FF 60600 230600  780 538 1952     1336523     20        -364     -2    7  78   93   -8  106  -15  106  -15   5  0  0 L3E E4
E27 FF 60600 230600  780 420 3143     4804839    106        -351      7    6  78  112  -11   77  -19   77  -19   4  0  0 L3E F3
E30 FF 60600 230600  780 771  761     8299070    391        -363     -4    3  76   77    1   68    5   68    5   2  0  0 L3E 8C
E34 FF 60600 230600  780 648  624     1405971     16        -352     -6    5  78   83    3   71    2   71    2   3  0  0 L3E 65
E36 FF 60600 230600  780 152  389     2984294     26        -333    -27   13  78  283   91   98   48   98   48   7  0  0 L3E 05
E02 FF 60600 232200  780 218 1234    -1677757     27        -352     57   10  80  200   40  163    4  163    4   7  0  0 L3E D3
E15 FF 60600 232200  780 605 1987     1336546     15        -364     -7    5  80   86   -6   93   -6   93   -6   4  0  0 L3E B3
E27 FF 60600 232200  780 472 3159     4804930     86        -352    -12    4  80  102   -9   69    4   69    4   3  0  0 L3E B0
E30 FF 60600 232200  780 743  998     8299450    401        -364      5    4  76   78    1   70   -1   70   -1   3  0  0 L3E 8B
E34 FF 60600 232200  780 604  529     1405995     17        -350     -4    4  78   86    4   69    3   69    3   2  0  0 L3E 74
E36 FF 60600 232200  780 102  389     2984352   -216        -326   -269  100  80  412  193   96  123   96  123  54  0  0 L3E 66
E02 FF 60600 233800  780 172 1277    -1677801    -25        -368      5   17  81  250   65  216   61  216   61  11  0  0 L3E 14
E13 FF 60600 233800  780 147 2157      258173    -14        -361    -17   21  81  291 -102  365 -133  365 -133  13  0  0 L3E 67
E15 FF 60600 233800  780 672 2033     1336566     21        -365     -1    4  81   81   -4   85   -8   85   -8   2  0  0 L3E A4
E27 FF 60600 233800  780 526 3166     4805021    101        -354      3    6  81   94   -7   66    0   66    0   4  0  0 L3E 84
E30 FF 60600 233800  780 701 1163     8299830    385        -363    -11    5  81   80    2   75   10   75   10   4  0  0 L3E BB
E34 FF 60600 233800  780 553  472     1406017     30        -349      8    5  78   91    6   70   -2   70   -2   3  0  0 L3E 6F
E02 FF 60600 235400  780 126 1316    -1677788    -29        -330      1   28  83  336  122  261   82  261   82  18  0  0 L3E 2E
E13 FF 60600 235400  780 199 2190      258196    -27        -339    -30   15  83  218  -56  250  -66  250  -66  10  0  0 L3E 47
E15 FF 60600 235400  780 737 2104     1336590     25        -363      3    3  82   78   -3   78   -9   78   -9   2  0  0 L3E A2
E27 FF 60600 235400  780 582 3161     4805109     87        -358    -11    6  83   88   -6   68    1   68    1   4  0  0 L3E AD
E30 FF 60600 235400  780 650 1277     8300211    398        -363      3    2  83   82    4   81    8   81    8   1  0  0 L3E 7A
E34 FF 60600 235400  780 499  440     1406045     17        -340     -4    5  78   98    8   69   12   69   12   3  0  0 L3E 98
