CGGTTS     GENERIC DATA FORMAT VERSION = 2E
REV DATE = 2023-07-12
RCVR = PolaRx5TR (5.5.0)     SN3222961
CH = 80
IMS = PolaRx5TR
LAB = UGR
X = 5077155.269 m
Y = -321597.459 m
Z = 3835335.920 m
FRAME = ITRF
COMMENTS = LS=18; ElMask=10deg; 
INT DLY = 0.0 ns (GPS P1),  0.0 ns (GPS P2)     CAL_ID = 
CAB DLY = 157.0 ns
REF DLY = 5.0 ns
REF = 
CKSUM = b7

SAT CL  MJD  STTIME TRKL ELV AZTH   REFSV      SRSV     REFSYS    SRSYS  DSG IOE MDTR SMDT MDIO SMDI MSIO SMSI ISG FR HC FRC CK
             hhmmss  s  .1dg .1dg    .1ns     .1ps/s     .1ns    .1ps/s .1ns     .1ns.1ps/s.1ns.1ps/s.1ns.1ps/s.1ns
G08 FF 60600 001400  780 257 2887    -3865128   -318        -227   -203   54  19  172  -33    5  154    5  154  49  0  0 L3P 5D
G10 FF 60600 001400  780 341 1395     1610877     84        -365    -51   19  48  133  -23  123   26  123   26  15  0  0 L3P 26
G16 FF 60600 001400  780 850 3115     1529585   -103        -368     -3    8  41   75   -1   57   11   57   11   6  0  0 L3P CB
G18 FF 60600 001400  780 282  449     6581608     -1        -333    -13   30 109  158   34   67   29   67   29  26  0  0 L3P 09
G23 FF 60600 001400  780 401  899    -3432371   -103        -371    -21   12 119  116   -4   92    9   92    9  12  0  0 L3P F5
G26 FF 60600 001400  780 578 1541     -539727     99        -377      5   15  30   88    8   85   13   85   13  15  0  0 L3P D5
G27 FF 60600 001400  780 551 3123      345525     12        -378     10   10  88   91   -5   61   -9   61   -9   8  0  0 L3P A9
G31 FF 60600 001400  780 173 1984     2232418   -195        -354   -190   64   4  250   87  347  325  347  325  60  0  0 L3P 73
G08 FF 60600 003000  780 308 2943    -3865319   -134        -307    -19   19  19  145  -23   55   -7   55   -7  18  0  0 L3P 3D
G10 FF 60600 003000  780 404 1336     1610997    130        -374     -4   20  48  115  -15  117  -12  117  -12  18  0  0 L3P 2A
G16 FF 60600 003000  780 858 1871     1529496    -97        -361      3    6  41   75    1   56   -2   56   -2   5  0  0 L3P A9
G18 FF 60600 003000  780 218  460     6581616    -58        -337    -71   21 109  200   56   83   67   83   67  14  0  0 L3P 17
G23 FF 60600 003000  780 409  799    -3432443    -65        -364     17   15 119  114    0   80   -9   80   -9  12  0  0 L3P EF
G26 FF 60600 003000  780 501 1568     -539648     78        -388    -16   14  30   97   11  111   39  111   39  12  0  0 L3P 10
G27 FF 60600 003000  780 596 3235      345521    -23        -366    -25    9   8   87   -4   60   19   60   19   8  0  0 L3P B9
G08 FF 60600 004600  780 362 2999    -3865449   -105        -327      9   18  19  126  -17   51  -28   51  -28  16  0  0 L3P 52
G10 FF 60600 004600  780 462 1262     1611124    186        -376     51   17  48  104  -10  105  -61  105  -61  16  0  0 L3P 33
G16 FF 60600 004600  780 779 1702     1529391   -117        -370    -17    8  41   76    2   70   22   70   22   7  0  0 L3P D8
G18 FF 60600 004600  780 157  479     6581599      0        -366    -12   52 109  275  105  122   29  122   29  36  0  0 L3P 36
G21 FF 60600 004600  780 200 2404     -996499    503        -431    495   90  16  217  -62  293 -643  293 -643  94  0  0 L3P 9C
G23 FF 60600 004600  780 401  702    -3432512    -76        -355      5   17 119  116    4   76    8   76    8  14  0  0 L3P C2
G26 FF 60600 004600  780 425 1590     -539562    108        -393     14   16  30  111   16  132    9  132    9  15  0  0 L3P F6
G27 FF 60600 004600  780 638 3368      345524      5        -365      3    9   8   83   -3   58   -3   58   -3   7  0  0 L3P 7C
G08 FF 60600 010200  780 417 3056    -3865576   -121        -344     -6   12  19  112  -13   55   -8   55   -8  10  0  0 L3P 14
G10 FF 60600 010200  780 511 1167     1611256    130        -372     -5   15  48   96   -6   94   -1   94   -1  11  0  0 L3P C8
G16 FF 60600 010200  780 696 1684     1529292    -98        -372      2    7  41   80    4   76    2   76    2   4  0  0 L3P 90
G21 FF 60600 010200  780 260 2457     -996427     29        -367     21   37  16  170  -37  161  -65  161  -65  34  0  0 L3P 41
G23 FF 60600 010200  780 378  613    -3432580    -33        -345     49   19 119  122    9   73  -32   73  -32  17  0  0 L3P 13
G26 FF 60600 010200  780 351 1606     -539461     85        -383    -10   20  30  130   24  142   31  142   31  16  0  0 L3P F9
G27 FF 60600 010200  780 673 3531      345527     27        -364     25    9   8   81   -2   56  -19   56  -19   7  0  0 L3P BD
G08 FF 60600 011800  780 475 3115    -3865700   -118        -357     -3    8  19  101  -10   55   -8   55   -8   6  0  0 L3P FC
G10 FF 60600 011800  780 546 1049     1611393    164        -364     30    8  48   92   -3   85  -24   85  -24   6  0  0 L3P EA
G16 FF 60600 011800  780 614 1686     1529189    -78        -380     22    8  41   85    7   92   -5   92   -5   7  0  0 L3P CB
G21 FF 60600 011800  780 319 2517     -996441     18        -388     10   23  16  141  -24  138  -45  138  -45  21  0  0 L3P 3A
G23 FF 60600 011800  780 341  539    -3432662     -4        -348     78   29 119  133   15   80  -75   80  -75  25  0  0 L3P 24
G26 FF 60600 011800  780 279 1618     -539367    250        -366    156   34   9  159   38  170  -97  170  -97  30  0  0 L3P 65
G27 FF 60600 011800  780 696  129      345530      6        -364      4    8   8   80   -1   59   -3   59   -3   7  0  0 L3P 62
G02 FF 60600 013400  780 207 2521     3354195   -267        -427   -184  142  39  210  -52  278   -7  278   -7 126  0  0 L3P 85
G08 FF 60600 013400  780 535 3177    -3865813   -136        -361    -21    9  19   93   -8   51   14   51   14   9  0  0 L3P FC
G10 FF 60600 013400  780 562  913     1611528     85        -358    -50   12  48   90    0   73   46   73   46  11  0  0 L3P C6
G16 FF 60600 013400  780 534 1693     1529092    -82        -380     18   12  41   93   10  105   10  105   10  10  0  0 L3P F3
G21 FF 60600 013400  780 376 2585     -996410     12        -365      4   13  16  122  -16  102  -18  102  -18   9  0  0 L3P 07
G23 FF 60600 013400  780 295  480    -3432728     34        -335    116   26 119  151   24   76 -103   76 -103  22  0  0 L3P 47
G26 FF 60600 013400  780 210 1626     -539286    125        -377     30   37   9  208   66  223   33  223   33  27  0  0 L3P 12
G27 FF 60600 013400  780 703  354      345529      8        -366      6    7   8   79    0   66   -2   66   -2   7  0  0 L3P 56
G02 FF 60600 015000  780 259 2579     3354161     15        -381     98   39  39  171  -33  162 -109  162 -109  32  0  0 L3P 6C
G08 FF 60600 015000  780 597 3246    -3865930   -147        -367    -32   13  19   87   -6   52   20   52   20  12  0  0 L3P 1B
G10 FF 60600 015000  780 555  775     1611655     74        -359    -60    9  48   91    2   75   52   75   52   8  0  0 L3P BA
G16 FF 60600 015000  780 455 1700     1529017    -77        -359     23   15  41  105   15  102    0  102    0  13  0  0 L3P D8
G21 FF 60600 015000  780 430 2661     -996416     37        -379     29   15  16  109  -11   94  -42   94  -42  12  0  0 L3P 1A
G23 FF 60600 015000  780 242  437    -3432829     25        -358    106   32 119  182   40  104  -70  104  -70  23  0  0 L3P 3B
G26 FF 60600 015000  780 143 1629     -539183      0        -364    -94   43   9  300  136  313  264  313  264  35  0  0 L3P 2E
G27 FF 60600 015000  780 691  576      345533    -19        -364    -21   10   8   80    1   68   26   68   26   9  0  0 L3P AD
G02 FF 60600 020600  780 310 2642     3354131   -131        -332    -48   24  81  145  -22  102   28  102   28  18  0  0 L3P 2A
G08 FF 60600 020600  780 660 3328    -3866039   -119        -364     -4    6  20   82   -4   49    3   49    3   4  0  0 L3P C3
G10 FF 60600 020600  780 526  656     1611788    136        -358      2   11  50   94    5   71   -2   71   -2  11  0  0 L3P A6
G16 FF 60600 020600  780 378 1706     1528920    -47        -364     53   20  46  122   21  119  -28  119  -28  15  0  0 L3P 3F
G21 FF 60600 020600  780 482 2747     -996385      4        -359     -4    9  17  100   -8   77   -1   77   -1   7  0  0 L3P B8
G23 FF 60600 020600  780 185  407    -3432903    -92        -355    -10   38 120  235   73  115   34  115   34  31  0  0 L3P 2A
G27 FF 60600 020600  780 660  766      345544      3        -348      1   11  35   82    2   65    5   65    5  10  0  0 L3P 5D
G02 FF 60600 022200  780 359 2711     3354061    -71        -323     12   15  81  127  -15   78  -23   78  -23  13  0  0 L3P 16
G08 FF 60600 022200  780 724 3439    -3866151   -103        -366     12    8  20   78   -3   50  -12   50  -12   7  0  0 L3P F0
G10 FF 60600 022200  780 482  565     1611926    148        -349     14   13  50  100    8   65  -15   65  -15  11  0  0 L3P EB
G16 FF 60600 022200  780 303 1710     1528843   -105        -345     -5   21  46  148   33  123   33  123   33  16  0  0 L3P 15
G21 FF 60600 022200  780 529 2846     -996363      8        -344      0   11  17   94   -6   59   -8   59   -8   9  0  0 L3P B4
G23 FF 60600 022200  780 125  388    -3432895     38        -269    120   44 120  341  161   47  -59   47  -59  29  0  0 L3P 50
G27 FF 60600 022200  780 617  916      345547    -16        -347    -18   15  35   85    4   70   19   70   19  14  0  0 L3P D1
G32 FF 60600 022200  780 152 1076     5857962   -243        -328   -198   55   2  281  -74  134  181  134  181  44  0  0 L3P 82
G02 FF 60600 023800  780 406 2784     3353970      3        -335     86   15  81  115  -11   75  -82   75  -82  12  0  0 L3P 10
G08 FF 60600 023800  780 783   30    -3866262   -127        -367    -12    7  20   76   -2   50    9   50    9   5  0  0 L3P AF
G10 FF 60600 023800  780 427  501     1612054    133        -349     -1   11  50  110   13   73    7   73    7  11  0  0 L3P A4
G16 FF 60600 023800  780 232 1711     1528742    -79        -350     22   22  46  189   55  163   24  163   24  17  0  0 L3P 27
G21 FF 60600 023800  780 571 2958     -996359     -1        -348     -9    8  17   89   -4   55   -4   55   -4   6  0  0 L3P C6
G27 FF 60600 023800  780 565 1034      345550      8        -347      6   13  35   90    6   77    4   77    4  10  0  0 L3P 7A
G32 FF 60600 023800  780 191 1013     5857932    -17        -315     28   38   2  226  -43  114  -43  114  -43  27  0  0 L3P 33
G02 FF 60600 025400  780 452 2864     3353886    -78        -339      5   11  81  105   -8   67  -20   67  -20   8  0  0 L3P 00
G08 FF 60600 025400  780 821  444    -3866370   -119        -364     -4    5  20   75    0   49    5   49    5   4  0  0 L3P A3
G10 FF 60600 025400  780 367  460     1612184    141        -348      7   16  50  125   19   76    2   76    2  14  0  0 L3P B4
G16 FF 60600 025400  780 164 1709     1528689   -188        -307    -88   57  46  264  106  164  158  164  158  48  0  0 L3P AB
G21 FF 60600 025400  780 608 3086     -996367      2        -359     -6    6  18   86   -3   55   -3   55   -3   5  0  0 L3P A8
G27 FF 60600 025400  780 509 1127      345555      4        -344      2   14  35   96    8   83   13   83   13  13  0  0 L3P 99
G32 FF 60600 025400  780 225  945     5857867     22        -336     68   29   2  194  -26  114  -58  114  -58  28  0  0 L3P 3B
G02 FF 60600 031000  780 496 2951     3353804   -129        -341    -46   14  81   98   -6   60   37   60   37  12  0  0 L3P 0B
G03 FF 60600 031000  780 200 2113    -5726133   -134        -398    -16   46 107  218  -74  191  -59  191  -59  41  0  0 L3P 85
G08 FF 60600 031000  780 802  961    -3866483   -109        -367      6    8  20   76    1   56   -2   56   -2   7  0  0 L3P B3
G10 FF 60600 031000  780 304  436     1612334    159        -327     25   26  50  147   29   61  -18   61  -18  24  0  0 L3P FD
G21 FF 60600 031000  780 637 3232     -996360      8        -360      0    8  18   83   -2   50   -5   50   -5   6  0  0 L3P 79
G27 FF 60600 031000  780 449 1203      345566     20        -335     18   17  35  106   12   83   -6   83   -6  15  0  0 L3P CD
G32 FF 60600 031000  780 252  872     5857825      9        -335     55   48   2  175  -15  107  -60  107  -60  43  0  0 L3P 0E
G02 FF 60600 032600  780 538 3046     3353720    -67        -345     16    9  81   93   -5   57  -25   57  -25   6  0  0 L3P EE
G03 FF 60600 032600  780 269 2143    -5726251   -139        -403    -21   43 107  165  -41  142  -17  142  -17  39  0  0 L3P 7E
G08 FF 60600 032600  780 743 1216    -3866592   -108        -366      7    6  20   78    3   61    3   61    3   5  0  0 L3P A8
G10 FF 60600 032600  780 240  426     1612458    180        -332     46   21  50  183   47   79  -34   79  -34  14  0  0 L3P 0A
G21 FF 60600 032600  780 657 3396     -996350      6        -357     -2    6  18   82   -1   50   -3   50   -3   4  0  0 L3P 95
G27 FF 60600 032600  780 387 1265      345561     28        -342     25   17  35  119   17  101  -11  101  -11  16  0  0 L3P 0C
G32 FF 60600 032600  780 269  794     5857777     20        -339     65   29   2  165   -7   98  -78   98  -78  26  0  0 L3P 28
G02 FF 60600 034200  780 577 3153     3353639    -83        -347      0    8  81   88   -4   56   -3   56   -3   7  0  0 L3P B9
G03 FF 60600 034200  780 339 2180    -5726347   -115        -385      4   17 107  134  -25  103  -17  103  -17  15  0  0 L3P 5B
G08 FF 60600 034200  780 674 1340    -3866701   -127        -365    -12   10  20   81    4   66   20   66   20   8  0  0 L3P E9
G10 FF 60600 034200  780 177  427     1612566    171        -352     37   22  50  244   85  111  -39  111  -39  15  0  0 L3P 26
G21 FF 60600 034200  780 667 3573     -996345     -2        -360    -10    6  18   81    0   51    6   51    6   5  0  0 L3P 87
G27 FF 60600 034200  780 324 1317      345569     93        -337     91   18  35  139   25  104  -64  104  -64  18  0  0 L3P 2A
G32 FF 60600 034200  780 275  715     5857743    -42        -329      3   30   2  161    0   83   -6   83   -6  25  0  0 L3P AE
G02 FF 60600 035800  780 613 3273     3353563    -76        -343      7    7  81   85   -3   52   -1   52   -1   6  0  0 L3P A9
G03 FF 60600 035800  780 409 2226    -5726462    -67        -387     51   18 107  114  -17   91  -48   91  -48  16  0  0 L3P 5E
G08 FF 60600 035800  780 600 1414    -3866813    -93        -366     22    8  20   86    7   75  -12   75  -12   7  0  0 L3P EC
G10 FF 60600 035800  780 116  435     1612677   -185        -371   -319   43  50  367  189  129  296  129  296  34  0  0 L3P 9C
G14 FF 60600 035800  780 236 3017    -5192982    -56        -346     28   32  49  185  -16   78  -38   78  -38  28  0  0 L3P 61
G21 FF 60600 035800  780 665  152     -996339      7        -361     -1    6  18   81    0   55   -2   55   -2   6  0  0 L3P 79
G27 FF 60600 035800  780 261 1361      345565    -60        -343    -62   25  35  169   39  119   66  119   66  20  0  0 L3P 30
G32 FF 60600 035800  780 269  638     5857689     -2        -340     44   25   2  165    7   90  -44   90  -44  18  0  0 L3P F0
G02 FF 60600 041400  780 645 3413     3353478    -85        -350     -2    8  83   83   -2   45   -2   45   -2   7  0  0 L3P B5
G03 FF 60600 041400  780 479 2285    -5726575   -112        -390      6   12 108  101  -11   79  -15   79  -15  11  0  0 L3P 45
G08 FF 60600 041400  780 526 1467    -3866919    -93        -365     22   12  21   94   10   81   -9   81   -9  12  0  0 L3P 01
G14 FF 60600 041400  780 252 2944    -5193074   -144        -357    -60   28  50  175   -6   88   59   88   59  20  0  0 L3P 43
G21 FF 60600 041400  780 652  322     -996331      0        -365     -8    6  43   82    1   48   13   48   13   5  0  0 L3P 76
G27 FF 60600 041400  780 198 1397      345583    -52        -325    -54   46  36  220   68  111   79  111   79  39  0  0 L3P 39
G32 FF 60600 041400  780 251  565     5857659    -22        -328     23   22  10  176   16   70   -9   70   -9  20  0  0 L3P E6
G02 FF 60600 043000  780 669 3574     3353401    -64        -348     19    5  83   81   -1   45  -14   45  -14   3  0  0 L3P DE
G03 FF 60600 043000  780 547 2360    -5726682   -139        -384    -21    7 108   92   -8   64   13   64   13   7  0  0 L3P 0C
G08 FF 60600 043000  780 452 1505    -3867021   -114        -356      1    9  21  105   14   85    5   85    5   9  0  0 L3P BD
G14 FF 60600 043000  780 255 2866    -5193154    -98        -337    -14   32  51  173    1   80   24   80   24  26  0  0 L3P 09
G21 FF 60600 043000  780 631  477     -996318     -1        -359     -9    8  43   84    2   49   11   49   11   6  0  0 L3P 97
G27 FF 60600 043000  780 135 1427      345559    177        -351    175   33  36  316  143  142 -114  142 -114  26  0  0 L3P 72
G32 FF 60600 043000  780 222  501     5857614     47        -330     93   26  10  197   29   75  -78   75  -78  23  0  0 L3P 0D
G02 FF 60600 044600  780 683  158     3353326    -86        -342     -3    9  83   80    0   43   10   43   10   7  0  0 L3P 99
G03 FF 60600 044600  780 611 2459    -5726783    -95        -360     23   10   2   85   -5   50  -21   50  -21   9  0  0 L3P E8
G08 FF 60600 044600  780 378 1535    -3867145   -124        -370     -9   22  21  122   21  106   17  106   17  20  0  0 L3P 32
G14 FF 60600 044600  780 247 2787    -5193216    -58        -318     26   64  51  178    9   55  -39   55  -39  55  0  0 L3P 41
G21 FF 60600 044600  780 601  613     -996308     24        -357     16    7  43   86    3   50   -4   50   -4   5  0  0 L3P 88
G22 FF 60600 044600  780 198 3024      716835     74        -319     41   46  35  219  -13   52  -59   52  -59  37  0  0 L3P 1F
G32 FF 60600 044600  780 184  447     5857538    -59        -362    -14   30  10  234   52  108   30  108   30  23  0  0 L3P 1B
G02 FF 60600 050200  780 685  354     3353248   -104        -341    -21    7  83   80    0   45   24   45   24   5  0  0 L3P B5
G03 FF 60600 050200  780 669 2598    -5726892    -96        -355     22    7   2   81   -3   45  -19   45  -19   5  0  0 L3P F9
G04 FF 60600 050200  780 213 1765    -4631314     -7        -336     61   38 229  205  -66  104  -75  104  -75  30  0  0 L3P 4F
G08 FF 60600 050200  780 306 1559    -3867259   -214        -374    -99   17  21  146   32  120   96  120   96  13  0  0 L3P 5F
G14 FF 60600 050200  780 229 2711    -5193229    -98        -250    -14  101  51  191   19  -18   35  -18   35  81  0  0 L3P 43
G17 FF 60600 050200  780 268 3156    -5927659    149        -348     18   24  35  165  -36   60  -19   60  -19  16  0  0 L3P 57
G21 FF 60600 050200  780 566  732     -996287     10        -343      2    8  43   89    4   47  -10   47  -10   8  0  0 L3P A2
G32 FF 60600 050200  780 140  403     5857529   -159        -327   -113   76  10  305  102   75  104   75  104  51  0  0 L3P 46
G02 FF 60600 051800  780 671  545     3353173    -76        -336      7    7  83   81    1   45   -5   45   -5   5  0  0 L3P 93
G03 FF 60600 051800  780 713 2795    -5727005   -138        -355    -20    8   2   79   -2   44   16   44   16   7  0  0 L3P E7
G04 FF 60600 051800  780 284 1750    -4631376    -59        -332      9   18 229  157  -38   82  -22   82  -22  15  0  0 L3P 45
G08 FF 60600 051800  780 236 1576    -3867367   -229        -372   -114   30  21  186   53  132  112  132  112  28  0  0 L3P 87
G17 FF 60600 051800  780 329 3137    -5927515     82        -330    -49   12  35  137  -23   37   19   37   19  11  0  0 L3P 27
G21 FF 60600 051800  780 526  836     -996285     15        -349      7    7  43   94    5   56   -4   56   -4   7  0  0 L3P 99
G02 FF 60600 053400  780 645  714     3353092   -112        -337    -29    8  83   83    2   47   27   47   27   7  0  0 L3P D1
G03 FF 60600 053400  780 735 3057    -5727120   -128        -356     -9    7   2   78    0   43    7   43    7   6  0  0 L3P A2
G04 FF 60600 053400  780 358 1733    -4631448   -113        -339    -45   19 229  128  -24   79   22   79   22  15  0  0 L3P 5D
G08 FF 60600 053400  780 168 1589    -3867494   -269        -389   -154   36  21  257  101  169  168  169  168  23  0  0 L3P D2
G17 FF 60600 053400  780 388 3104    -5927415    177        -330     46   14   0  119  -15   39  -50   39  -50  12  0  0 L3P 28
G21 FF 60600 053400  780 483  928     -996288     41        -360     33   14  43  100    7   76  -10   76  -10  13  0  0 L3P E4
G02 FF 60600 055000  780 607  856     3352999   -101        -351    -18    8  83   86    4   66   27   66   27   5  0  0 L3P E0
G03 FF 60600 055000  780 728 3335    -5727233   -118        -356      0    4   2   78    1   44    3   44    3   3  0  0 L3P 84
G04 FF 60600 055000  780 435 1714    -4631529    -70        -355     -2   14 229  109  -16   92   -4   92   -4  12  0  0 L3P 17
G09 FF 60600 055000  780 180 1954    -4022497   -105        -347     61   28  82  241  -92  109  -28  109  -28  23  0  0 L3P 74
G17 FF 60600 055000  780 443 3051    -5927294     96        -334    -35   13   0  107  -10   42   26   42   26  12  0  0 L3P FA
G21 FF 60600 055000  780 436 1008     -996276    -28        -355    -36   12  43  108   10   94   62   94   62  11  0  0 L3P 0B
G02 FF 60600 060600  780 561  974     3352930    -93        -342    -10   14  87   90    5   82   46   82   46  12  0  0 L3P DE
G03 FF 60600 060600  780 698 3563    -5727341   -109        -354      9    5   3   80    2   51   13   51   13   4  0  0 L3P B1
G04 FF 60600 060600  780 513 1688    -4631603    -45        -369     23   10 230   96  -11  101  -14  101  -14   9  0  0 L3P 30
G09 FF 60600 060600  780 250 1960    -4022663   -290        -357   -124   21  83  176  -49  116  128  116  128  17  0  0 L3P 99
G17 FF 60600 060600  780 489 2975    -5927190     92        -355    -39   11  25   99   -6   58   30   58   30   9  0  0 L3P 10
G19 FF 60600 060600  780 249 3155    -5515227     50        -342     96   33  90  177  -40   65  -86   65  -86  21  0  0 L3P 40
G21 FF 60600 060600  780 386 1080     -996271    -17        -361    -25   11  44  120   14  136   76  136   76  11  0  0 L3P 27
G31 FF 60600 060600  780 104  866     2232310   -283        -340   -278  305  24  403 -107  356  252  356  252 279  0  0 L3P A9
G02 FF 60600 062200  780 510 1070     3352847   -141        -346    -58    6  87   96    8  121   86  121   86   5  0  0 L3P 03
G03 FF 60600 062200  780 654  130    -5727454   -107        -353     11    7   3   82    3   72   18   72   18   5  0  0 L3P AB
G04 FF 60600 062200  780 591 1646    -4631666    -52        -367     16   11 230   87   -7  107  -10  107  -10  10  0  0 L3P 37
G09 FF 60600 062200  780 324 1970    -4022822   -183        -356    -17   19  83  139  -30  122   30  122   30  14  0  0 L3P 4B
G17 FF 60600 062200  780 524 2875    -5927060    138        -351      7   14  25   94   -3   61   18   61   18  11  0  0 L3P EE
G19 FF 60600 062200  780 306 3116    -5515278    -47        -347     -1   20  90  147  -25   72    7   72    7  14  0  0 L3P F4
G21 FF 60600 062200  780 335 1143     -996250     44        -347     36   17  44  135   19  177   13  177   13  16  0  0 L3P 16
G31 FF 60600 062200  780 129  798     2232320   -220        -324   -214  106  24  328  -54  315  209  315  209  86  0  0 L3P 7E
G02 FF 60600 063800  780 454 1151     3352768    -58        -345     25   15  87  105   11  158   26  158   26  13  0  0 L3P 2E
G03 FF 60600 063800  780 605  258    -5727564   -103        -350     16    6   3   86    4   94   19   94   19   5  0  0 L3P C7
G04 FF 60600 063800  780 666 1572    -4631734    -67        -370      1    8 230   81   -5  120   15  120   15   7  0  0 L3P EF
G09 FF 60600 063800  780 400 1985    -4022998   -151        -373     15   17  83  116  -19  147   -3  147   -3  13  0  0 L3P 53
G17 FF 60600 063800  780 540 2753    -5926933    116        -349    -14    6  25   92   -1   86   33   86   33   5  0  0 L3P FC
G19 FF 60600 063800  780 358 3061    -5515342   -116        -367    -69   17  90  128  -15  107   75  107   75  13  0  0 L3P 71
G21 FF 60600 063800  780 281 1199     -996232    -20        -338    -28   29  44  158   29  245  145  245  145  23  0  0 L3P 68
G31 FF 60600 063800  780 147  728     2232321    -13        -317     -7   47  24  290  -26  326   13  326   13  34  0  0 L3P 11
G02 FF 60600 065400  780 395 1218     3352685    -17        -348     66   13  87  117   15  215   -7  215   -7  12  0  0 L3P 25
G03 FF 60600 065400  780 555  361    -5727690   -140        -363    -22    8   3   91    6  137   54  137   54   6  0  0 L3P EE
G04 FF 60600 065400  780 732 1425    -4631798    -52        -369     16    8 230   78   -2  133    2  133    2   8  0  0 L3P EA
G09 FF 60600 065400  780 477 2004    -4023156   -166        -372      0   10  83  101  -13  157    4  157    4   8  0  0 L3P FB
G17 FF 60600 065400  780 536 2623    -5926804    115        -345    -16    7  25   93    2  115   46  115   46   7  0  0 L3P 07
G19 FF 60600 065400  780 401 2988    -5515376     -5        -356     42   13  90  116   -9  122   -2  122   -2  11  0  0 L3P 0B
G21 FF 60600 065400  780 226 1249     -996218    115        -331    107   48  44  193   46  326    7  326    7  43  0  0 L3P 22
G31 FF 60600 065400  780 155  656     2232310     26        -323     32   70  24  275   -6  339    1  339    1  62  0  0 L3P D1
G02 FF 60600 071000  780 334 1275     3352588   -118        -365    -35   12  87  135   23  284   94  284   94  12  0  0 L3P 52
G03 FF 60600 071000  780 504  450    -5727799   -108        -358     10    8   3   97    7  170   30  170   30   7  0  0 L3P D8
G04 FF 60600 071000  780 771 1140    -4631866    -91        -371    -22    6 230   77   -1  150   31  150   31   5  0  0 L3P FD
G06 FF 60600 071000  780 307 3145      445074    278        -343      1   17  32  146  -28  165   19  165   19  12  0  0 L3P 11
G09 FF 60600 071000  780 557 2030    -4023323   -177        -379    -11   13  83   91   -9  168   22  168   22  11  0  0 L3P 34
G17 FF 60600 071000  780 512 2502    -5926687    157        -354     27   13  25   96    5  154   -2  154   -2  10  0  0 L3P 07
G19 FF 60600 071000  780 432 2897    -5515425    -39        -361      7   15  90  109   -5  150   20  150   20  11  0  0 L3P 0E
G21 FF 60600 071000  780 170 1293     -996269    123        -390    116   40  44  254   83  477    5  477    5  36  0  0 L3P 25
G31 FF 60600 071000  780 154  585     2232289     12        -338     17   64  24  278   12  370   30  370   30  53  0  0 L3P FD
G02 FF 60600 072600  780 272 1324     3352500    -91        -373     -8   15  87  163   36  366   92  366   92  11  0  0 L3P 29
G03 FF 60600 072600  780 453  530    -5727907   -119        -353     -1   13   3  105    9  210   51  210   51  11  0  0 L3P ED
G04 FF 60600 072600  780 758  795    -4631940    -64        -379      4    6 230   77    1  173   15  173   15   5  0  0 L3P ED
G06 FF 60600 072600  780 372 3163      445352    259        -331    -18   13  32  123  -20  169   30  169   30  10  0  0 L3P 21
G09 FF 60600 072600  780 637 2065    -4023478   -173        -375     -7    8  83   83   -6  171   16  171   16   6  0  0 L3P 1A
G17 FF 60600 072600  780 471 2398    -5926561    133        -354      2    8  25  102    8  186   42  186   42   7  0  0 L3P 02
G19 FF 60600 072600  780 446 2792    -5515470    -21        -361     26    9  90  106   -1  173   -3  173   -3   6  0  0 L3P 02
G21 FF 60600 072600  780 113 1331     -996204    114        -333    106   48  44  374  180  543   71  543   71  36  0  0 L3P 46
G31 FF 60600 072600  780 142  516     2232288     48        -334     54   38  24  300   36  391  -48  391  -48  31  0  0 L3P 27
G02 FF 60600 074200  780 209 1365     3352432   -120        -362    -37   29  87  209   62  462  156  462  156  24  0  0 L3P 6E
G03 FF 60600 074200  780 404  604    -5728027    -60        -359     58   14   3  115   12  263    4  263    4  13  0  0 L3P DD
G04 FF 60600 074200  780 706  588    -4631996    -68        -370      0   10 230   79    3  183   22  183   22   7  0  0 L3P F5
G06 FF 60600 074200  780 441 3173      445605    275        -345     -3   15  32  107  -14  191    6  191    6  13  0  0 L3P F1
G09 FF 60600 074200  780 718 2116    -4023635   -172        -372     -6    6  83   79   -4  177   16  177   16   4  0  0 L3P 16
G17 FF 60600 074200  780 420 2315    -5926434    131        -352      0   10  25  112   12  224   35  224   35   8  0  0 L3P F4
G19 FF 60600 074200  780 443 2682    -5515511    -61        -357    -15   11  90  107    3  197   44  197   44   9  0  0 L3P 29
G31 FF 60600 074200  780 120  453     2232294   -165        -323   -159   38  24  353   77  409  197  409  197  29  0  0 L3P 80
G02 FF 60600 075800  780 145 1399     3352335   -103        -379    -20   59  87  295  127  621  202  621  202  51  0  0 L3P 82
G03 FF 60600 075800  780 356  674    -5728129   -136        -347    -18   17   3  128   15  310   82  310   82  16  0  0 L3P 39
G04 FF 60600 075800  780 639  494    -4632056    -65        -364      4    7 230   83    5  205   23  205   23   6  0  0 L3P DF
G06 FF 60600 075800  780 511 3170      445866    287        -349     10    9  32   96  -10  199   -5  199   -5   6  0  0 L3P 04
G07 FF 60600 075800  780 188 1618      269443   -106        -282    -73   30  32  230  -76  427   -2  427   -2  24  0  0 L3P 3E
G09 FF 60600 075800  780 797 2215    -4023796   -157        -374      9    6  83   76   -2  190    3  190    3   5  0  0 L3P F1
G17 FF 60600 075800  780 362 2248    -5926312    138        -356      7   12  25  126   19  274   59  274   59   8  0  0 L3P 36
G19 FF 60600 075800  780 421 2576    -5515563    -40        -364      7   17  90  111    6  232   36  232   36  14  0  0 L3P 12
G03 FF 60600 081400  780 309  741    -5728249   -122        -355     -4   25  21  145   21  375   84  375   84  22  0  0 L3P 35
G04 FF 60600 081400  780 568  455    -4632118    -77        -363     -9   11 231   89    8  225   38  225   38   8  0  0 L3P 10
G06 FF 60600 081400  780 583 3147      446129    294        -350     17    6  36   88   -7  210  -11  210  -11   5  0  0 L3P F1
G07 FF 60600 081400  780 253 1585      269388   -128        -305    -95   36  33  174  -44  390   53  390   53  34  0  0 L3P 59
G09 FF 60600 081400  780 865 2654    -4023955   -151        -376     15    5  84   75    0  198    1  198    1   4  0  0 L3P EE
G17 FF 60600 081400  780 301 2192    -5926185    163        -351     33   44  26  149   29  334   38  334   38  42  0  0 L3P 44
G19 FF 60600 081400  780 386 2482    -5515606    -61        -358    -15   12  91  120   11  275   53  275   53  10  0  0 L3P 41
G03 FF 60600 083000  780 262  805    -5728362   -156        -355    -38   25  21  169   29  445  106  445  106  24  0  0 L3P 6E
G04 FF 60600 083000  780 496  444    -4632188    -87        -367    -19    9 231   98   11  256   39  256   39   7  0  0 L3P 33
G06 FF 60600 083000  780 653 3089      446397    265        -347    -12    7  36   82   -5  211   11  211   11   5  0  0 L3P E6
G07 FF 60600 083000  780 319 1549      269307    -94        -355    -61   25  33  141  -27  390  -15  390  -15  24  0  0 L3P 4F
G09 FF 60600 083000  780 833   36    -4024106   -184        -369    -18    8  84   75    1  200   17  200   17   7  0  0 L3P E1
G17 FF 60600 083000  780 239 2145    -5926068    224        -360     93   31  26  184   46  402   10  402   10  29  0  0 L3P 31
G19 FF 60600 083000  780 340 2401    -5515650    -66        -357    -19   17  91  133   18  311   47  311   47  12  0  0 L3P 39
G03 FF 60600 084600  780 216  867    -5728473   -125        -352     -7   33  21  202   42  521  103  521  103  25  0  0 L3P 43
G04 FF 60600 084600  780 427  449    -4632233    -49        -347     19    9 231  110   15  274   34  274   34   7  0  0 L3P 1A
G06 FF 60600 084600  780 716 2961      446661    270        -349     -7    7  36   79   -3  215    5  215    5   5  0  0 L3P C9
G07 FF 60600 084600  780 387 1507      269281    -51        -348    -18   15  33  119  -18  345    1  345    1  11  0  0 L3P 0F
G09 FF 60600 084600  780 760  210    -4024266   -153        -369     13    8  84   77    3  212    4  212    4   7  0  0 L3P C4
G11 FF 60600 084600  780 273 3155     7445067    -47        -314    -76   23 152  163  -36  316   21  316   21  16  0  0 L3P 51
G17 FF 60600 084600  780 178 2102    -5925916    280        -333    149   41  26  243   80  460  -42  460  -42  37  0  0 L3P 6E
G19 FF 60600 084600  780 288 2332    -5515714    -35        -377     11   19  91  155   27  370   33  370   33  15  0  0 L3P 41
G30 FF 60600 084600  780 174 1792     3006960    147        -383    222   53  52  249  -94  560 -267  560 -267  47  0  0 L3P A7
G03 FF 60600 090200  780 169  926    -5728586   -248        -351   -130   26  21  254   68  646  280  646  280  21  0  0 L3P 8F
G04 FF 60600 090200  780 360  464    -4632335    -43        -383     25   12 231  127   21  349   23  349   23  10  0  0 L3P 21
G06 FF 60600 090200  780 755 2710      446922    255        -355    -23    9  84   77   -1  224   17  224   17   7  0  0 L3P F4
G07 FF 60600 090200  780 453 1454      269246    -46        -347    -13   15  86  105  -12  329  -12  329  -12  14  0  0 L3P 44
G09 FF 60600 090200  780 687  288    -4024426   -167        -370     -1    7  84   80    4  229   20  229   20   6  0  0 L3P EE
G11 FF 60600 090200  780 337 3139     7445100     26        -308     -3   17 152  135  -23  293  -14  293  -14  13  0  0 L3P 3B
G19 FF 60600 090200  780 233 2273    -5515773    -56        -391    -10   31  91  188   44  433   62  433   62  26  0  0 L3P 49
G30 FF 60600 090200  780 241 1776     3006901     -7        -369     68   29  52  182  -51  487 -140  487 -140  21  0  0 L3P 68
G04 FF 60600 091800  780 296  487    -4632375     -5        -358     64   30 231  151   30  393   13  393   13  27  0  0 L3P 2D
G06 FF 60600 091800  780 748 2388      447185    278        -359      1    4  84   77    1  237   22  237   22   4  0  0 L3P DD
G07 FF 60600 091800  780 516 1385      269212    -54        -350    -21   10  86   95   -8  305   -5  305   -5   9  0  0 L3P F3
G09 FF 60600 091800  780 616  345    -4024585   -167        -369     -1    8  84   85    6  249   34  249   34   6  0  0 L3P 0B
G11 FF 60600 091800  780 400 3108     7445112     60        -323     32   19 152  116  -15  286  -49  286  -49  16  0  0 L3P 51
G19 FF 60600 091800  780 177 2221    -5515817    -36        -390     10   53  91  244   75  511   84  511   84  38  0  0 L3P 45
G20 FF 60600 091800  780 238 3041    -3696208    -86        -251    -89   43  29  184  -42  367   12  367   12  37  0  0 L3P 65
G30 FF 60600 091800  780 312 1760     3006824    -84        -375     -9   20  52  144  -31  429  -36  429  -36  16  0  0 L3P 4C
G04 FF 60600 093400  780 235  515    -4632454    -42        -372     26   43 231  186   46  476   79  476   79  33  0  0 L3P 51
G06 FF 60600 093400  780 698 2164      447450    276        -360     -1    7  84   80    3  255   25  255   25   7  0  0 L3P DD
G07 FF 60600 093400  780 572 1289      269172    -21        -357     12   15  86   89   -5  295  -29  295  -29  13  0  0 L3P 3B
G09 FF 60600 093400  780 549  396    -4024740   -172        -365     -6   10  84   91    8  270   38  270   38   8  0  0 L3P 10
G11 FF 60600 093400  780 459 3057     7445113     20        -350     -8   12 152  104  -10  295   -5  295   -5   9  0  0 L3P 10
G19 FF 60600 093400  780 123 2172    -5515769   -150        -298   -104   56  91  345  143  515  210  515  210  35  0  0 L3P 9E
G20 FF 60600 093400  780 295 3077    -3696250     38        -297     35   15  29  151  -28  369  -75  369  -75  12  0  0 L3P 76
G30 FF 60600 093400  780 386 1743     3006757    -63        -369     12   11  52  120  -20  384  -73  384  -73   8  0  0 L3P 43
G04 FF 60600 095000  780 177  548    -4632516    -34        -368     34   42 231  243   76  570   78  570   78  31  0  0 L3P 4C
G06 FF 60600 095000  780 629 2046      447715    268        -361     -9    7  84   84    6  285   42  285   42   6  0  0 L3P EC
G07 FF 60600 095000  780 613 1160      269138    -63        -360    -30    5  86   85   -3  289   18  289   18   5  0  0 L3P FA
G09 FF 60600 095000  780 484  444    -4024904   -135        -370     31   12  84  100   10  309   13  309   13  11  0  0 L3P 18
G11 FF 60600 095000  780 511 2980     7445133     25        -357     -3    7 152   96   -7  293    1  293    1   5  0  0 L3P CA
G20 FF 60600 095000  780 356 3109    -3696263    -32        -314    -36   14  29  128  -20  346   -3  346   -3  10  0  0 L3P 3A
G30 FF 60600 095000  780 461 1721     3006678    -89        -377    -14   15  52  104  -14  355  -11  355  -11  11  0  0 L3P 4E
G04 FF 60600 100600  780 122  585    -4632524     50        -313    119   85 232  347  149  634   -5  634   -5  66  0  0 L3P 44
G06 FF 60600 100600  780 552 1982      447977    287        -366     10    9  85   91    9  322   28  322   28   8  0  0 L3P F1
G07 FF 60600 100600  780 634 1000      269114    -22        -352     11   11  99   84   -1  279  -11  279  -11  10  0  0 L3P FB
G09 FF 60600 100600  780 422  492    -4025062   -176        -371    -10   16  88  111   13  348   51  348   51  16  0  0 L3P 34
G11 FF 60600 100600  780 550 2873     7445157      0        -361    -29   14 153   91   -4  297   29  297   29  12  0  0 L3P 1A
G20 FF 60600 100600  780 419 3136    -3696267     29        -320     26   14  30  112  -15  328  -44  328  -44  11  0  0 L3P 3F
G30 FF 60600 100600  780 537 1691     3006601    -76        -378     -1    7  59   93   -9  338  -27  338  -27   6  0  0 L3P 13
G06 FF 60600 102200  780 474 1943      448235    310        -374     32   11  85  102   13  366   17  366   17   9  0  0 L3P 03
G07 FF 60600 102200  780 628  833      269075    -50        -359    -17    6  99   84    1  294   19  294   19   5  0  0 L3P E5
G09 FF 60600 102200  780 364  541    -4025227   -210        -377    -44   12  88  126   18  405  105  405  105  11  0  0 L3P 4D
G11 FF 60600 102200  780 569 2738     7445187     36        -358      7    7 153   89   -1  303    5  303    5   5  0  0 L3P C7
G20 FF 60600 102200  780 486 3157    -3696269    -37        -324    -41   11  30  100  -11  312    7  312    7   8  0  0 L3P 02
G30 FF 60600 102200  780 613 1642     3006536    -95        -370    -19    8  59   85   -6  315   -2  315   -2   8  0  0 L3P EA
G05 FF 60600 103800  780 238 3107     1900335    -51        -344    -63   27  98  184  -46  461  -22  461  -22  21  0  0 L3P 55
G06 FF 60600 103800  780 396 1917      448498    279        -377      2   28  85  117   20  423   58  423   58  24  0  0 L3P 2E
G07 FF 60600 103800  780 598  693      269045    -58        -358    -25    9  99   86    4  296   25  296   25   9  0  0 L3P 03
G09 FF 60600 103800  780 308  590    -4025363   -166        -354      0   31  88  146   24  440   70  440   70  27  0  0 L3P 1E
G11 FF 60600 103800  780 565 2593     7445215     38        -357     10   12 153   90    2  305   -6  305   -6  10  0  0 L3P F0
G20 FF 60600 103800  780 556 3169    -3696267      5        -326      1    9  30   91   -8  288  -24  288  -24   7  0  0 L3P FC
G30 FF 60600 103800  780 684 1555     3006470    -79        -364     -4   12  59   80   -4  295  -11  295  -11  11  0  0 L3P 24
G05 FF 60600 105400  780 302 3131     1900338     46        -353     34   18  98  148  -30  406 -100  406 -100  12  0  0 L3P 44
G06 FF 60600 105400  780 319 1896      448776    204        -365    -73   24  85  141   31  484  141  484  141  22  0  0 L3P 5B
G07 FF 60600 105400  780 552  593      269019    -48        -353    -15   11  99   91    6  299   32  299   32   9  0  0 L3P F9
G09 FF 60600 105400  780 255  640    -4025530   -138        -345     28   36   8  173   34  499   41  499   41  31  0  0 L3P 2F
G11 FF 60600 105400  780 539 2459     7445233     13        -366    -16   11 153   93    4  322   30  322   30   9  0  0 L3P F6
G13 FF 60600 105400  780 265 2619    -6818962    123        -367    141   29  55  167  -30  472 -175  472 -175  23  0  0 L3P AE
G20 FF 60600 105400  780 629 3165    -3696293      1        -369     -2   10   4   84   -6  277  -11  277  -11   8  0  0 L3P F5
G30 FF 60600 105400  780 743 1383     3006400    -81        -362     -6    9  59   78   -2  283    4  283    4   8  0  0 L3P C4
G05 FF 60600 111000  780 368 3149     1900347    -55        -357    -68   14  98  125  -20  349    6  349    6  12  0  0 L3P 29
G06 FF 60600 111000  780 246 1878      449040    228        -368    -50   20  85  179   51  600  211  600  211  14  0  0 L3P 3A
G07 FF 60600 111000  780 495  529      268974    -20        -365     13   15  99   98    9  333   14  333   14  15  0  0 L3P EF
G09 FF 60600 111000  780 204  691    -4025694   -206        -349    -40   32   8  213   51  588  164  588  164  29  0  0 L3P 61
G11 FF 60600 111000  780 494 2350     7445258      3        -368    -25   12 153   98    8  345   49  345   49   9  0  0 L3P 05
G13 FF 60600 111000  780 315 2684    -6818974    -24        -362     -5   16  55  142  -21  409  -52  409  -52  14  0  0 L3P 55
G14 FF 60600 111000  780 151 1465    -5195204   -268        -370   -184   66  54  284 -101  852   28  852   28  60  0  0 L3P 8B
G20 FF 60600 111000  780 702 3131    -3696288     22        -367     18   12   4   79   -4  264  -20  264  -20   9  0  0 L3P FB
G30 FF 60600 111000  780 770 1079     3006318   -108        -372    -33    6  59   77    0  288   30  288   30   6  0  0 L3P FB
G05 FF 60600 113800  780 491 3156     1900345      8        -362     -4   10  28   99  -11  301  -24  301  -24   8  0  0 L3P F5
G06 FF 60600 113800  780 125 1846      449665    857        -209    579   39  85  340  168  813 -285  813 -285  33  0  0 L3P B3
G07 FF 60600 113800  780 387  475      268915    -64        -370    -31   15  99  119   17  378   54  378   54  11  0  0 L3P 34
G09 FF 60600 113800  780 119  780    -4026045   -494        -422   -328   79   8  356  138  822  342  822  342  71  0  0 L3P 90
G11 FF 60600 113800  780 393 2214     7445313     14        -361    -14   21 153  118   16  423   83  423   83  16  0  0 L3P 29
G13 FF 60600 113800  780 401 2811    -6819032     35        -389     53   12  55  116  -12  371  -68  371  -68  10  0  0 L3P 4C
G14 FF 60600 113800  780 249 1384    -5195378    -41        -402     43   37  54  177  -39  687 -137  687 -137  31  0  0 L3P A6
G20 FF 60600 113800  780 814 2776    -3696294      5        -379      2    5   4   76   -1  273    6  273    6   5  0  0 L3P A7
G30 FF 60600 113800  780 709  627     3006192    -90        -372    -15    8  59   79    3  287   11  287   11   7  0  0 L3P E9
G05 FF 60600 115400  780 563 3136     1900344      7        -374     -5   10  28   90   -8  295   -1  295   -1   9  0  0 L3P CF
G07 FF 60600 115400  780 325  466      268873     15        -380     48   25  99  139   25  427   16  427   16  19  0  0 L3P 14
G11 FF 60600 115400  780 329 2158     7445350     57        -352     29   16 153  137   25  481   51  481   51  11  0  0 L3P 2C
G13 FF 60600 115400  780 449 2893    -6819042    -68        -382    -49   12  55  106   -9  347   26  347   26  10  0  0 L3P 54
G14 FF 60600 115400  780 305 1330    -5195433    -33        -377     51   29  54  147  -25  576 -134  576 -134  28  0  0 L3P 8A
G20 FF 60600 115400  780 812 2220    -3696282      2        -370     -1    7   4   76    1  278   17  278   17   5  0  0 L3P B3
G22 FF 60600 115400  780 180 1529      717678   -201        -322   -234   64  67  240  -81  807    9  807    9  68  0  0 L3P 45
G30 FF 60600 115400  780 645  529     3006129    -76        -363     -1    6  59   83    5  286   11  286   11   5  0  0 L3P CD
G05 FF 60600 121000  780 635 3085     1900354     29        -370     16   10  29   84   -5  287  -22  287  -22   8  0  0 L3P 09
G07 FF 60600 121000  780 262  468      268863   -108        -363    -75   19 100  168   38  456  132  456  132  12  0  0 L3P 5F
G11 FF 60600 121000  780 264 2112     7445359     57        -370     29   32 154  167   39  581   94  581   94  24  0  0 L3P 3D
G13 FF 60600 121000  780 495 2982    -6819053     10        -380     28   13  56   98   -7  327  -53  327  -53  10  0  0 L3P 33
G14 FF 60600 121000  780 359 1267    -5195505     -9        -368     75   25  55  127  -17  500 -141  500 -141  23  0  0 L3P 67
G20 FF 60600 121000  780 749 1948    -3696284    -31        -374    -34    8  33   77    3  291   36  291   36   6  0  0 L3P 0F
G22 FF 60600 121000  780 243 1487      717672    110        -360     77   38  72  181  -46  693 -204  693 -204  30  0  0 L3P 68
G30 FF 60600 121000  780 576  487     3006054    -69        -366      6    7  66   88    7  306   14  306   14   6  0  0 L3P C5
G05 FF 60600 122600  780 700 2974     1900365      6        -371     -6   12  29   80   -3  280   -8  280   -8   9  0  0 L3P D0
G07 FF 60600 122600  780 202  479      268823    -43        -372    -10   19 100  215   62  528   67  528   67  16  0  0 L3P 29
G11 FF 60600 122600  780 201 2071     7445381     17        -376    -11   29 154  216   66  737  231  737  231  24  0  0 L3P 59
G13 FF 60600 122600  780 539 3081    -6819064    -23        -374     -5   13  56   92   -5  302  -22  302  -22  11  0  0 L3P 21
G14 FF 60600 122600  780 408 1192    -5195570    -75        -353      9   20  55  114  -11  419  -60  419  -60  19  0  0 L3P 4A
G20 FF 60600 122600  780 671 1856    -3696282    -29        -375    -33    8  33   81    5  309   55  309   55   6  0  0 L3P 12
G22 FF 60600 122600  780 307 1439      717725    -69        -339   -102   23  72  146  -29  549  -62  549  -62  22  0  0 L3P 6F
G30 FF 60600 122600  780 507  473     3005992    -53        -356     22    8  66   97   10  314    2  314    2   7  0  0 L3P B5
G05 FF 60600 124200  780 745 2754     1900379     20        -369      7   11  29   78   -1  275   -8  275   -8   8  0  0 L3P EA
G07 FF 60600 124200  780 143  497      268782    101        -381    134   51 100  299  119  605  -62  605  -62  38  0  0 L3P 5E
G11 FF 60600 124200  780 140 2033     7445419     30        -365      1   70 154  305  128  977  323  977  323  54  0  0 L3P 51
G13 FF 60600 124200  780 581 3194    -6819083    -15        -376      3    8  56   88   -4  288  -19  288  -19   7  0  0 L3P 29
G14 FF 60600 124200  780 449 1102    -5195667   -108        -369    -24   14  55  106   -7  396  -13  396  -13  13  0  0 L3P 70
G15 FF 60600 124200  780 278 2988    -2168305    -81        -343    -36   29  74  160  -31  432  -36  432  -36  26  0  0 L3P 75
G20 FF 60600 124200  780 590 1817    -3696280     17        -377     13    9  33   87    8  346   27  346   27   7  0  0 L3P F9
G22 FF 60600 124200  780 370 1384      717738    -28        -357    -61   35  72  124  -19  464  -26  464  -26  30  0  0 L3P 54
G30 FF 60600 124200  780 440  476     3005916    -93        -360    -18   10  66  108   13  336   38  336   38   7  0  0 L3P 0E
G05 FF 60600 125800  780 748 2439     1900384     24        -376     11    6  29   77    1  289    9  289    9   5  0  0 L3P D2
G13 FF 60600 125800  780 619 3325    -6819103    -20        -378     -2    6  56   85   -3  279  -11  279  -11   5  0  0 L3P 19
G14 FF 60600 125800  780 476  998    -5195758   -128        -379    -43    8  55  101   -3  377    9  377    9   8  0  0 L3P 2E
G15 FF 60600 125800  780 337 3034    -2168359    -78        -355    -33   22  74  135  -22  379  -34  379  -34  17  0  0 L3P 81
G20 FF 60600 125800  780 509 1799    -3696273      2        -373     -1   12  33   96   12  393   58  393   58  10  0  0 L3P 16
G22 FF 60600 125800  780 430 1316      717752    -25        -374    -58   22  72  109  -12  421    2  421    2  18  0  0 L3P FB
G30 FF 60600 125800  780 374  489     3005854    -41        -350     34   19  66  123   19  362   16  362   16  15  0  0 L3P 1A
G05 FF 60600 131400  780 706 2194     1900394     14        -379      2   10  29   79    3  304   23  304   23   8  0  0 L3P C8
G13 FF 60600 131400  780 651 3479    -6819122    -25        -380     -7    6  56   82   -2  271   -1  271   -1   5  0  0 L3P E6
G14 FF 60600 131400  780 487  884    -5195839    -72        -379     12    7  55   99    0  364  -28  364  -28   6  0  0 L3P 21
G15 FF 60600 131400  780 398 3078    -2168394    -38        -347      6   19  74  117  -16  325  -45  325  -45  17  0  0 L3P 63
G20 FF 60600 131400  780 428 1788    -3696264     -6        -367    -10   13  33  110   17  454   91  454   91  11  0  0 L3P 31
G22 FF 60600 131400  780 484 1230      717784     66        -375     33   19  72  100   -8  381  -66  381  -66  17  0  0 L3P 2B
G30 FF 60600 131400  780 311  510     3005776   -116        -356    -41   26  66  144   27  404   75  404   75  22  0  0 L3P 24
G05 FF 60600 133000  780 640 2059     1900409    -16        -375    -28    8  29   83    5  326   53  326   53   6  0  0 L3P F0
G13 FF 60600 133000  780 673   59    -6819134     -4        -374     14    5  56   81   -1  260  -13  260  -13   3  0  0 L3P D0
G14 FF 60600 133000  780 480  772    -5195898    -82        -357      2   10  55  101    3  332  -15  332  -15   8  0  0 L3P 02
G15 FF 60600 133000  780 462 3120    -2168448    -40        -358      5   13  74  103  -12  303  -24  303  -24  11  0  0 L3P 24
G20 FF 60600 133000  780 350 1780    -3696259    -17        -366    -21   18  33  130   26  540  130  540  130  16  0  0 L3P 50
G22 FF 60600 133000  780 526 1122      717814     46        -376     13   11  72   94   -5  351  -45  351  -45   8  0  0 L3P F2
G30 FF 60600 133000  780 251  537     3005700   -162        -360    -87   24  66  176   40  451  133  451  133  21  0  0 L3P 3E
G05 FF 60600 134600  780 565 1986     1900421     21        -376      8   14  29   90    8  353   30  353   30  12  0  0 L3P E1
G13 FF 60600 134600  780 682  261    -6819150     -6        -372     12   10  56   81    0  254  -11  254  -11   8  0  0 L3P E3
G14 FF 60600 134600  780 455  671    -5195978   -103        -356    -18   10  55  105    6  327   21  327   21   6  0  0 L3P 22
G15 FF 60600 134600  780 530 3162    -2168490    -71        -357    -26   10  74   94   -9  278    4  278    4   8  0  0 L3P 07
G20 FF 60600 134600  780 275 1772    -3696258     47        -368     43   16  33  162   41  662  126  662  126  13  0  0 L3P 5D
G22 FF 60600 134600  780 551  993      717855     71        -366     39   12  72   91   -2  315  -59  315  -59  11  0  0 L3P 0F
G24 FF 60600 134600  780 273 2581     4844193     64        -375     76   24  31  163  -31  504 -115  504 -115  19  0  0 L3P 6A
G30 FF 60600 134600  780 193  568     3005639     36        -349    111   53  66  224   64  491  -38  491  -38  43  0  0 L3P 4A
G05 FF 60600 140200  780 487 1943     1900425     -2        -381    -15   12  30   99   12  396   49  396   49   8  0  0 L3P 0E
G13 FF 60600 140200  780 674  465    -6819174    -19        -379     -1    7  57   81    1  263    4  263    4   6  0  0 L3P BF
G14 FF 60600 140200  780 416  590    -5196044    -69        -343     15   26  56  112   10  321   -1  321   -1  22  0  0 L3P F9
G15 FF 60600 140200  780 601 3202    -2168542    -64        -365    -20   11  76   86   -7  265   -6  265   -6   9  0  0 L3P 0C
G20 FF 60600 140200  780 202 1763    -3696234    -66        -351    -70   23  34  215   74  832  310  832  310  19  0  0 L3P 57
G22 FF 60600 140200  780 555  855      717883    -16        -370    -49   11  76   91    1  309   38  309   38  11  0  0 L3P FA
G24 FF 60600 140200  780 326 2642     4844175     -8        -378      4   14  32  138  -21  440  -63  440  -63  10  0  0 L3P 1F
G30 FF 60600 140200  780 138  603     3005557   -215        -354   -140   66  67  308  118  544  175  544  175  52  0  0 L3P 7E
G05 FF 60600 141800  780 410 1914     1900434    -34        -384    -47   20  30  114   18  459  114  459  114  16  0  0 L3P 4C
G13 FF 60600 141800  780 651  651    -6819188    -44        -376    -26    7  57   82    2  266   32  266   32   5  0  0 L3P FE
G14 FF 60600 141800  780 367  528    -5196129    -82        -346      2   18  56  125   16  344   24  344   24  16  0  0 L3P 1C
G15 FF 60600 141800  780 675 3241    -2168594    -71        -374    -27    9  76   81   -5  257   15  257   15   9  0  0 L3P 25
G17 FF 60600 141800  780 118 1000    -5923296    399        -309    269   97  36  359 -112  750 -438  750 -438  88  0  0 L3P D9
G20 FF 60600 141800  780 134 1752    -3696225   -398        -345   -402   57  34  320  158 1103  733 1103  733  47  0  0 L3P C4
G22 FF 60600 141800  780 536  728      717931     14        -354    -19   14  76   93    4  289   10  289   10  12  0  0 L3P EC
G24 FF 60600 141800  780 379 2710     4844169    -21        -372     -8   10  32  121  -15  381  -38  381  -38   7  0  0 L3P 3C
G05 FF 60600 143400  780 334 1892     1900469     14        -362      1   17  30  136   28  519   95  519   95  16  0  0 L3P 17
G12 FF 60600 143400  780 163 2016     5457321      6        -385    -21   48  45  265 -110  983 -322  983 -322  43  0  0 L3P 75
G13 FF 60600 143400  780 614  807    -6819202    -14        -373      4    9  57   85    3  274    9  274    9   7  0  0 L3P B8
G14 FF 60600 143400  780 311  485    -5196208    -65        -359     19   26  57  144   25  360   12  360   12  24  0  0 L3P 22
G15 FF 60600 143400  780 752 3282    -2168626    -27        -364     17    6  76   77   -3  242  -25  242  -25   5  0  0 L3P 1E
G17 FF 60600 143400  780 153  935    -5923286     97        -424    -34   47  36  280  -59  709  -51  709  -51  38  0  0 L3P 70
G22 FF 60600 143400  780 499  625      717952     22        -365    -11   13  76   98    6  295    7  295    7  12  0  0 L3P D6
G23 FF 60600 143400  780 252 3134    -3436527   -184        -312   -102   40 126  175  -32  377   20  377   20  33  0  0 L3P 72
G24 FF 60600 143400  780 432 2784     4844190    -42        -339    -29   19  32  109  -11  314  -10  314  -10  18  0  0 L3P 4F
G05 FF 60600 145000  780 261 1874     1900487     23        -356     11   23  30  170   44  634  153  634  153  18  0  0 L3P 35
G12 FF 60600 145000  780 232 2029     5457363     27        -367      1   14  45  189  -56  685 -216  685 -216  11  0  0 L3P 62
G13 FF 60600 145000  780 569  935    -6819218     12        -371     30   12  57   89    5  286  -11  286  -11  12  0  0 L3P 14
G14 FF 60600 145000  780 252  456    -5196294    -37        -364     47   37  57  175   40  394    8  394    8  30  0  0 L3P 1B
G15 FF 60600 145000  780 831 3338    -2168668    -48        -364     -3    8  76   75   -1  237   -2  237   -2   7  0  0 L3P FB
G17 FF 60600 145000  780 183  867    -5923078    -80        -341   -210   48  36  236  -34  534  125  534  125  38  0  0 L3P 80
G19 FF 60600 145000  780 152 1156    -5516691   -147        -337   -101   37  94  282  -82  762 -148  762 -148  39  0  0 L3P CE
G22 FF 60600 145000  780 451  549      717983      8        -365    -25   22  76  106   10  303   27  303   27  20  0  0 L3P EA
G23 FF 60600 145000  780 295 3076    -3436634   -144        -341    -63   18 126  151  -19  359    8  359    8  15  0  0 L3P 5F
G24 FF 60600 145000  780 483 2867     4844158    -15        -360     -3   13  32  100   -8  297  -32  297  -32  12  0  0 L3P 38
G05 FF 60600 150600  780 191 1856     1900460   -140        -395   -152   38  30  227   80  858  375  858  375  35  0  0 L3P 97
G12 FF 60600 150600  780 304 2048     5457386    -69        -370    -95   30  45  148  -33  525  -43  525  -43  28  0  0 L3P 6B
G13 FF 60600 150600  780 517 1038    -6819230     13        -366     31   11  57   95    7  297   -5  297   -5  11  0  0 L3P 01
G14 FF 60600 150600  780 191  441    -5196425   -197        -414   -113   32  57  227   71  479  138  479  138  25  0  0 L3P 90
G15 FF 60600 150600  780 886 1275    -2168707    -39        -360      6    5  76   75    0  230  -10  230  -10   5  0  0 L3P EE
G17 FF 60600 150600  780 205  796    -5922934    110        -323    -21   32  36  212  -18  458  -32  458  -32  32  0  0 L3P 58
G19 FF 60600 150600  780 195 1097    -5516767    -50        -368     -3   38  94  222  -47  600  -96  600  -96  29  0  0 L3P 7A
G22 FF 60600 150600  780 394  498      718018     22        -362    -11   20  76  118   15  314   21  314   21  17  0  0 L3P F3
G23 FF 60600 150600  780 329 3004    -3436724   -110        -352    -29   15 126  137  -11  342    9  342    9  11  0  0 L3P 3A
G24 FF 60600 150600  780 532 2960     4844150    -14        -355     -1    9  32   93   -6  265  -31  265  -31   8  0  0 L3P FF
G05 FF 60600 152200  780 125 1837     1900731    674        -135    661   46  30  341  170  890 -234  890 -234  34  0  0 L3P 92
G12 FF 60600 152200  780 378 2073     5457416     11        -365    -15   24  45  122  -21  425  -69  425  -69  22  0  0 L3P 4E
G13 FF 60600 152200  780 460 1124    -6819254    -17        -372      1   13  57  104   10  326   28  326   28   9  0  0 L3P 05
G14 FF 60600 152200  780 130  435    -5196434   -191        -343   -107   38  57  328  150  453  168  453  168  31  0  0 L3P 91
G15 FF 60600 152200  780 806 1512    -2168750    -31        -361     13    5  76   76    2  235   -1  235   -1   3  0  0 L3P CE
G17 FF 60600 152200  780 218  722    -5922824     92        -339    -39   54  36  200   -7  422    0  422    0  48  0  0 L3P F6
G19 FF 60600 152200  780 235 1032    -5516829     24        -385     71   22  94  186  -29  511 -146  511 -146  21  0  0 L3P 76
G22 FF 60600 152200  780 334  466      718043     18        -369    -15   33  76  135   22  342   52  342   52  24  0  0 L3P FD
G23 FF 60600 152200  780 350 2921    -3436801    -97        -349    -15   16 127  130   -5  336   -3  336   -3  14  0  0 L3P 39
G24 FF 60600 152200  780 579 3067     4844133      1        -360     13   11  32   88   -5  243  -29  243  -29   9  0  0 L3P FC
G12 FF 60600 153800  780 453 2105     5457440     36        -366     10   15  45  105  -14  358  -76  358  -76  14  0  0 L3P 48
G13 FF 60600 153800  780 401 1195    -6819273    -97        -374    -79   20  57  116   15  354  106  354  106  19  0  0 L3P 79
G15 FF 60600 153800  780 723 1552    -2168798    -55        -365    -11    8  76   78    4  248   19  248   19   8  0  0 L3P 24
G17 FF 60600 153800  780 220  648    -5922721    149        -361     18   43  36  198    3  418  -48  418  -48  37  0  0 L3P 4E
G19 FF 60600 153800  780 269  960    -5516826    -76        -337    -29   21  94  165  -18  395  -15  395  -15  18  0  0 L3P 85
G22 FF 60600 153800  780 273  449      718093    -62        -351    -95   33  76  162   35  351  112  351  112  28  0  0 L3P 39
G23 FF 60600 153800  780 357 2830    -3436896   -124        -366    -42   14 127  128    0  348   44  348   44  10  0  0 L3P 5F
G24 FF 60600 153800  780 621 3194     4844123     -5        -359      8   10  32   85   -3  226  -24  226  -24   8  0  0 L3P F5
G12 FF 60600 155400  780 529 2147     5457459     24        -372     -2   11  45   94  -10  308  -48  308  -48  11  0  0 L3P 32
G13 FF 60600 155400  780 341 1255    -6819298     -5        -382     13   18  57  133   22  402   42  402   42  16  0  0 L3P 1C
G15 FF 60600 155400  780 642 1579    -2168849    -39        -374      5    9  76   83    6  265    8  265    8   8  0  0 L3P E9
G17 FF 60600 155400  780 212  576    -5922595    137        -360      6   46  36  206   13  399  -17  399  -17  39  0  0 L3P 53
G19 FF 60600 155400  780 295  882    -5516866     33        -333     80   15  94  152  -10  344 -128  344 -128  14  0  0 L3P 72
G22 FF 60600 155400  780 212  444      718120      9        -356    -23   29  76  206   57  387   63  387   63  21  0  0 L3P FF
G23 FF 60600 155400  780 349 2737    -3436965    -92        -356    -10   19 127  130    5  345    8  345    8  15  0  0 L3P 31
G24 FF 60600 155400  780 658 3347     4844106    -17        -363     -4    6  32   82   -2  216   -8  216   -8   5  0  0 L3P E5
G12 FF 60600 161000  780 606 2204     5457490     30        -364      4    7  46   86   -7  267  -32  267  -32   6  0  0 L3P EA
G13 FF 60600 161000  780 279 1306    -6819319    -98        -385    -80   19 110  159   34  462  137  462  137  19  0  0 L3P 91
G15 FF 60600 161000  780 561 1601    -2168890    -30        -371     14   13 111   90    9  278    7  278    7  13  0  0 L3P F8
G17 FF 60600 161000  780 192  510    -5922442    104        -335    -26   39  50  225   28  372   23  372   23  36  0  0 L3P 29
G19 FF 60600 161000  780 309  799    -5516939    -80        -361    -34   24  95  145   -4  329    9  329    9  22  0  0 L3P 28
G22 FF 60600 161000  780 152  448      718190    173        -316    140   35  77  282  108  372 -101  372 -101  30  0  0 L3P 56
G23 FF 60600 161000  780 327 2648    -3437047    -36        -364     46   24 128  138   11  365  -16  365  -16  21  0  0 L3P 63
G24 FF 60600 161000  780 685 3531     4844096    -13        -358      0    6  33   80   -1  205  -12  205  -12   5  0  0 L3P E0
G25 FF 60600 161000  780 208 2282    -4995271    105        -367    104   34  72  210  -62  590 -242  590 -242  30  0  0 L3P 8F
G10 FF 60600 162600  780 218 3005     1618776    294        -305    159   95  49  200   -9  372 -194  372 -194  97  0  0 L3P 98
G12 FF 60600 162600  780 681 2288     5457519     31        -360      5   13  46   81   -4  232  -34  232  -34  12  0  0 L3P 06
G13 FF 60600 162600  780 217 1349    -6819353     27        -402     45   26 110  202   57  566   87  566   87  22  0  0 L3P 4E
G15 FF 60600 162600  780 482 1618    -2168936    -16        -368     28   17   8  100   13  305   -5  305   -5  17  0  0 L3P 1D
G17 FF 60600 162600  780 164  452    -5922295    223        -313     92   40  50  262   52  348  -92  348  -92  30  0  0 L3P 4A
G19 FF 60600 162600  780 311  715    -5516968    -58        -346    -11   22  95  144    2  292  -22  292  -22  19  0  0 L3P 43
G23 FF 60600 162600  780 294 2567    -3437142    -55        -380     27   19 128  152   18  406   20  406   20  10  0  0 L3P 40
G24 FF 60600 162600  780 697  142     4844080    -23        -362    -11    8  33   80    0  194   -7  194   -7   6  0  0 L3P D4
G25 FF 60600 162600  780 270 2325    -4995260     41        -357     40   34  72  164  -36  458 -138  458 -138  28  0  0 L3P 8C
G10 FF 60600 164200  780 222 2930     1618851     38        -360    -97   98  49  197    2  417   86  417   86  95  0  0 L3P 3E
G12 FF 60600 164200  780 751 2432     5457545     36        -359      9    6  46   77   -2  202  -40  202  -40   4  0  0 L3P E3
G13 FF 60600 164200  780 155 1386    -6819348   -208        -380   -190   48 110  278  110  728  406  728  406  41  0  0 L3P C1
G15 FF 60600 164200  780 405 1632    -2168977     27        -367     71   14   8  115   18  328  -36  328  -36  11  0  0 L3P 3D
G17 FF 60600 164200  780 127  402    -5922142    129        -286     -2   46  50  335  104  317   28  317   28  31  0  0 L3P 2D
G19 FF 60600 164200  780 300  633    -5517024     -4        -357     43   33  95  149    8  284  -56  284  -56  29  0  0 L3P 2D
G23 FF 60600 164200  780 253 2494    -3437219   -145        -378    -64   30 128  174   29  442  115  442  115  22  0  0 L3P 8E
G24 FF 60600 164200  780 692  361     4844059    -23        -371    -11    6  33   80    1  189   -2  189   -2   4  0  0 L3P D1
G25 FF 60600 164200  780 332 2376    -4995267    -16        -365    -17   17  72  136  -23  372  -70  372  -70  15  0  0 L3P 79
G32 FF 60600 164200  780 121 3180     5855668    -69        -292    -23   72  26  350 -181  468  -98  468  -98  48  0  0 L3P 9E
G10 FF 60600 165800  780 214 2853     1619070    155        -270     20  127  49  203   12  340  -21  340  -21 115  0  0 L3P 4A
G12 FF 60600 165800  780 805 2737     5457562     -8        -368    -34    6  46   76   -1  181    5  181    5   4  0  0 L3P DA
G15 FF 60600 165800  780 330 1643    -2169004    -51        -352     -7   15   8  137   28  359   58  359   58  11  0  0 L3P 2D
G19 FF 60600 165800  780 276  559    -5517041    -21        -330     25   21  95  161   17  244  -42  244  -42  19  0  0 L3P 40
G23 FF 60600 165800  780 206 2429    -3437284    -84        -365     -2   49 128  211   48  483   43  483   43  40  0  0 L3P 56
G24 FF 60600 165800  780 669  558     4844045     -3        -373     10    9  33   81    2  180  -20  180  -20   8  0  0 L3P D8
G25 FF 60600 165800  780 394 2435    -4995253    -25        -352    -27   15  72  118  -16  294  -25  294  -25  13  0  0 L3P 80
G12 FF 60600 171400  780 811 3263     5457588     32        -366      6    8  46   76    1  162  -21  162  -21   7  0  0 L3P DF
G15 FF 60600 171400  780 258 1650    -2169074    -88        -379    -44   24   8  171   45  471  169  471  169  17  0  0 L3P 77
G19 FF 60600 171400  780 241  496    -5517131    -21        -369     26   30   5  183   29  272  -27  272  -27  28  0  0 L3P 34
G24 FF 60600 171400  780 634  722     4844032      2        -375     15    7  33   84    3  174  -16  174  -16   6  0  0 L3P C7
G25 FF 60600 171400  780 454 2505    -4995261     33        -361     31   16  72  105  -11  252  -76  252  -76  13  0  0 L3P 4B
G32 FF 60600 171400  780 241 3160     5855553    -25        -319     20   39  26  183  -44  312  -92  312  -92  25  0  0 L3P 4C
G12 FF 60600 173000  780 765   11     5457616     28        -364      1    8  46   77    2  149  -16  149  -16   8  0  0 L3P C4
G15 FF 60600 173000  780 189 1654    -2169115    -69        -377    -24   32   8  229   80  646  252  646  252  25  0  0 L3P 6E
G19 FF 60600 173000  780 197  443    -5517168   -264        -361   -218   31   5  220   52  254  184  254  184  25  0  0 L3P 6F
G24 FF 60600 173000  780 589  854     4844021     26        -373     38   10  33   87    5  168  -40  168  -40   8  0  0 L3P FC
G25 FF 60600 173000  780 512 2589    -4995250      0        -352     -1   14  72   96   -8  196  -38  196  -38  11  0  0 L3P 27
G29 FF 60600 173000  780 150 1869     5705400   -448        -302   -420   43  21  288 -130  755   84  755   84  36  0  0 L3P 88
G32 FF 60600 173000  780 299 3133     5855486    -90        -343    -44   17  26  149  -27  264  -25  264  -25  12  0  0 L3P 6D
G10 FF 60600 174600  780 135 2639     1619442    581        -288    446  144  49  315   85  421 -356  421 -356 132  0  0 L3P B9
G12 FF 60600 174600  780 702  179     5457647     30        -357      4    8  46   79    3  135   -6  135   -6   7  0  0 L3P B9
G15 FF 60600 174600  780 123 1654    -2169136   -147        -355   -103   58   8  346  177 1032  789 1032  789  36  0  0 L3P CE
G19 FF 60600 174600  780 147  403    -5517207    -29        -355     17   47   5  292  103  221  -65  221  -65  33  0  0 L3P 3F
G24 FF 60600 174600  780 539  961     4843998      8        -384     20   14  33   93    6  174  -21  174  -21  14  0  0 L3P 03
G25 FF 60600 174600  780 566 2691    -4995253     10        -355      9    7  72   90   -6  168  -35  168  -35   6  0  0 L3P 19
G29 FF 60600 174600  780 219 1864     5705316   -196        -360   -168   40  21  200  -64  540  -84  540  -84  29  0  0 L3P 92
G32 FF 60600 174600  780 355 3090     5855448    -23        -336     23   14  26  129  -17  208  -54  208  -54  11  0  0 L3P 54
G12 FF 60600 180200  780 638  283     5457674     24        -358     -2    7  48   83    5  123  -19  123  -19   6  0  0 L3P E4
G24 FF 60600 180200  780 484 1049     4843988    -35        -387    -22   14  37  100    9  165   21  165   21  12  0  0 L3P 27
G25 FF 60600 180200  780 614 2815    -4995246      2        -346      1    8 112   85   -4  142  -15  142  -15   7  0  0 L3P F0
G29 FF 60600 180200  780 292 1861     5705269   -109        -381    -82   21  24  153  -37  382  -52  382  -52  16  0  0 L3P 7B
G32 FF 60600 180200  780 404 3030     5855393    -68        -350    -23   11  27  115  -11  185  -18  185  -18   8  0  0 L3P 44
G11 FF 60600 181800  780 127  939     7446110   -564        -248   -592   76 157  333  -86  156  414  156  414  56  0  0 L3P AE
G12 FF 60600 181800  780 574  362     5457693     16        -365    -10   10  48   89    6  112   -1  112   -1   8  0  0 L3P D4
G24 FF 60600 181800  780 427 1123     4843980     12        -381     26   16  37  110   12  162  -12  162  -12  16  0  0 L3P 20
G25 FF 60600 181800  780 653 2970    -4995243     -2        -344     -3    7 112   82   -2  119  -23  119  -23   6  0  0 L3P 12
G29 FF 60600 181800  780 368 1861     5705261    -65        -363    -37   11  24  125  -23  268  -43  268  -43   7  0  0 L3P 5E
G32 FF 60600 181800  780 444 2950     5855349    -34        -350     11   14  27  107   -7  152  -38  152  -38  11  0  0 L3P 3E
G11 FF 60600 183400  780 158  873     7446062    260        -323    232   40 157  271  -47  175 -244  175 -244  33  0  0 L3P 91
G12 FF 60600 183400  780 512  430     5457720      5        -362    -21   12  48   96    8  102    8  102    8   9  0  0 L3P 9F
G24 FF 60600 183400  780 369 1186     4843965    -29        -384    -16   17  37  124   18  178   29  178   29  14  0  0 L3P 61
G25 FF 60600 183400  780 679 3158    -4995247     -3        -349     -4    6 112   81   -1   99  -20   99  -20   4  0  0 L3P 05
G29 FF 60600 183400  780 446 1862     5705240    -24        -358      4    7  24  106  -16  204  -60  204  -60   6  0  0 L3P 12
G32 FF 60600 183400  780 470 2851     5855294    -47        -361     -1   10  27  102   -3  143  -12  143  -12   7  0  0 L3P 14
G11 FF 60600 185000  780 182  804     7446054     94        -358     65   36 157  237  -26  168  -97  168  -97  32  0  0 L3P 6B
G12 FF 60600 185000  780 452  492     5457749     14        -359    -12   17  48  105   11  101    5  101    5  14  0  0 L3P E3
G24 FF 60600 185000  780 309 1239     4843956     -4        -379     10   17  37  145   26  204   42  204   42  16  0  0 L3P 18
G25 FF 60600 185000  780 690 3369    -4995249      5        -352      4    7 112   80    0   84  -20   84  -20   6  0  0 L3P CC
G28 FF 60600 185000  780 285 3115     4491162     43        -324    -85   19 164  156  -32  142   26  142   26  16  0  0 L3P 48
G29 FF 60600 185000  780 527 1862     5705212    -20        -360      8   12  24   94  -11  165  -42  165  -42  10  0  0 L3P 1C
G32 FF 60600 185000  780 478 2740     5855250    -54        -361     -8   13  27  101    0  137    0  137    0   9  0  0 L3P CE
G11 FF 60600 190600  780 198  731     7446084     19        -356    -10   50 157  219  -12  138  -10  138  -10  46  0  0 L3P 4C
G12 FF 60600 190600  780 395  551     5457783      4        -349    -22   15  48  117   14   95   29   95   29  11  0  0 L3P F9
G24 FF 60600 190600  780 250 1286     4843934     -3        -388     10   32  37  176   41  323  195  323  195  32  0  0 L3P 44
G25 FF 60600 190600  780 682 3579    -4995247     15        -351     13    7 112   80    1   73  -16   73  -16   6  0  0 L3P F7
G28 FF 60600 190600  780 350 3134     4491278    152        -330     25   12 164  130  -22  108  -64  108  -64   7  0  0 L3P 49
G29 FF 60600 190600  780 609 1859     5705185    -24        -361      3    9  24   86   -7  136  -25  136  -25   8  0  0 L3P 0F
G32 FF 60600 190600  780 468 2626     5855204    -17        -364     29   17  27  102    3  138   -9  138   -9  15  0  0 L3P 1C
G11 FF 60600 192200  780 203  657     7446122     23        -345     -6   66 157  214    0  113   -7  113   -7  55  0  0 L3P EB
G12 FF 60600 192200  780 341  608     5457815      8        -343    -18   27  48  133   19   96   26   96   26  24  0  0 L3P F6
G24 FF 60600 192200  780 190 1326     4843907     61        -402     74   48  37  228   70  428 -188  428 -188  43  0  0 L3P 77
G25 FF 60600 192200  780 660  167    -4995250     -5        -355     -7    8 112   82    2   74    5   74    5   6  0  0 L3P 99
G28 FF 60600 192200  780 417 3145     4491400    136        -331      9    6 164  112  -16   78  -24   78  -24   5  0  0 L3P 0D
G29 FF 60600 192200  780 692 1845     5705167      4        -352     31    8  24   80   -5  112  -38  112  -38   7  0  0 L3P EE
G32 FF 60600 192200  780 441 2520     5855159    -36        -365      9    7  27  107    7  149    6  149    6   6  0  0 L3P CF
G11 FF 60600 193800  780 198  585     7446135    106        -359     78   49 157  219   12  115  -68  115  -68  44  0  0 L3P 6F
G12 FF 60600 193800  780 289  665     5457839    126        -344     99   26  48  154   26  108  -86  108  -86  24  0  0 L3P 69
G25 FF 60600 193800  780 628  325    -4995246     11        -352     10    5 112   84    3   70   -7   70   -7   5  0  0 L3P B4
G28 FF 60600 193800  780 486 3144     4491510    136        -343      8   10 164  100  -11   73  -16   73  -16   7  0  0 L3P 1A
G29 FF 60600 193800  780 773 1793     5705145    -29        -348     -2    8  24   77   -3   96   -9   96   -9   6  0  0 L3P EC
G32 FF 60600 193800  780 400 2429     5855113    -71        -368    -26   10  27  116   11  173   42  173   42  10  0  0 L3P 27
G11 FF 60600 195400  780 181  517     7446182    -35        -340    -63   46 157  238   28   88   54   88   54  40  0  0 L3P 2C
G12 FF 60600 195400  780 239  721     5457871     91        -337     65   47  48  184   37  110  -44  110  -44  44  0  0 L3P 33
G25 FF 60600 195400  780 589  457    -4995247      7        -354      6   10 112   87    4   75   -2   75   -2   8  0  0 L3P BE
G28 FF 60600 195400  780 557 3126     4491624    134        -352      7   11 164   91   -8   75  -16   75  -16   9  0  0 L3P 10
G29 FF 60600 195400  780 847 1525     5705115    -34        -352     -6    5  24   75   -1   87  -10   87  -10   4  0  0 L3P E4
G32 FF 60600 195400  780 351 2352     5855093    -77        -344    -32   25  27  130   18  179   69  179   69  23  0  0 L3P 54
G11 FF 60600 201000  780 155  456     7446242    136        -307    107   40 158  277   55   43 -120   43 -120  31  0  0 L3P 40
G12 FF 60600 201000  780 190  776     5457881    101        -355     75   39  54  228   56  138  -72  138  -72  34  0  0 L3P 46
G18 FF 60600 201000  780 198 1630     6582559    -56        -282    -68   22 119  220  -72  581 -307  581 -307  17  0  0 L3P A4
G25 FF 60600 201000  780 546  570    -4995251    -10        -361    -11    9 117   92    5   72    7   72    7   7  0  0 L3P AF
G28 FF 60600 201000  780 626 3078     4491735    155        -363     28    7 165   84   -5   74  -28   74  -28   5  0  0 L3P 13
G29 FF 60600 201000  780 839  619     5705096     -8        -351     19    8  25   75    1   74  -20   74  -20   6  0  0 L3P BA
G31 FF 60600 201000  780 283 3140     2232062    -22        -298    -17   17  62  158  -35   78  -17   78  -17  12  0  0 L3P 2E
G32 FF 60600 201000  780 296 2287     5855042    -42        -353      4   20  28  151   27  240   67  240   67  15  0  0 L3P 0D
G11 FF 60600 202600  780 119  403     7446289     82        -288     54   52 158  355  114   33   12   33   12  34  0  0 L3P 06
G12 FF 60600 202600  780 143  830     5457892     81        -369     55   57  54  299   96  164  -29  164  -29  42  0  0 L3P 4B
G18 FF 60600 202600  780 265 1601     6582507    -29        -346    -42   25 119  167  -41  362 -165  362 -165  21  0  0 L3P 98
G25 FF 60600 202600  780 501  668    -4995255      7        -366      5   12 117   97    7   79    2   79    2  10  0  0 L3P AC
G26 FF 60600 202600  780 251 2923     -532790    -85        -307   -179   48  90  175  -36  112  125  112  125  44  0  0 L3P 75
G28 FF 60600 202600  780 691 2975     4491859    117        -361    -10    7 165   80   -3   68    8   68    8   5  0  0 L3P EA
G29 FF 60600 202600  780 767  416     5705067    -38        -353    -11    9  25   77    3   65    1   65    1   8  0  0 L3P 9F
G31 FF 60600 202600  780 349 3134     2232035   -106        -319   -100   12  62  130  -23   68   63   68   63   9  0  0 L3P 1B
G32 FF 60600 202600  780 239 2231     5854986    -88        -366    -42   19  28  184   43  345  169  345  169  16  0  0 L3P 82
G18 FF 60600 204200  780 334 1567     6582526     53        -339     41   20 119  136  -26  204 -152  204 -152  18  0  0 L3P 71
G25 FF 60600 204200  780 454  755    -4995248    -38        -360    -39   13 117  105    9   77   38   77   38  11  0  0 L3P 27
G26 FF 60600 204200  780 305 2972     -532714     41        -321    -54   15  90  147  -25   85    7   85    7  12  0  0 L3P E4
G28 FF 60600 204200  780 737 2774     4491974    147        -389     19    7 166   78   -1   73  -15   73  -15   4  0  0 L3P 20
G29 FF 60600 204200  780 690  382     5705039    -35        -355     -8    6  25   80    4   60    5   60    5   5  0  0 L3P 81
G31 FF 60600 204200  780 416 3113     2231999    -54        -372    -49   10  55  112  -15   72   17   72   17   7  0  0 L3P 03
G32 FF 60600 204200  780 181 2181     5854933    -47        -374     -2   51  28  239   74  532  248  532  248  50  0  0 L3P 55
G18 FF 60600 205800  780 405 1528     6582530     38        -347     25   16 119  115  -17  135  -75  135  -75  14  0  0 L3P 5F
G25 FF 60600 205800  780 406  833    -4995232    -55        -345    -56   16 117  115   12   74   77   74   77  14  0  0 L3P 33
G26 FF 60600 205800  780 361 3021     -532638     46        -335    -48   18  90  127  -18   66   18   66   18  15  0  0 L3P 19
G28 FF 60600 205800  780 746 2476     4492100    140        -385     13    9 166   78    1   71   -3   71   -3   7  0  0 L3P D1
G29 FF 60600 205800  780 615  386     5705008    -53        -359    -25    7  25   85    6   61   20   61   20   6  0  0 L3P BD
G31 FF 60600 205800  780 481 3072     2232010    -25        -356    -19    9  55  100  -10   50   10   50   10   7  0  0 L3P CE
G32 FF 60600 205800  780 125 2136     5855002    -49        -262     -4   69  28  340  147  779  456  779  456  64  0  0 L3P 82
G18 FF 60600 211400  780 475 1476     6582531     21        -360      8   12 120  101  -12  106  -38  106  -38  10  0  0 L3P 26
G25 FF 60600 211400  780 357  905    -4995237   -101        -351   -102   28 117  128   16   91  110   91  110  25  0  0 L3P 56
G26 FF 60600 211400  780 420 3069     -532561    109        -364     14   13  11  112  -13   57  -31   57  -31  10  0  0 L3P 07
G28 FF 60600 211400  780 710 2223     4492218    125        -389     -2    8 166   79    3   78    7   78    7   8  0  0 L3P C2
G29 FF 60600 211400  780 543  404     5704989     -9        -352     18   14  25   92    8   53  -14   53  -14  11  0  0 L3P D9
G31 FF 60600 211400  780 541 3004     2231999    -41        -362    -35    9  55   92   -7   47   23   47   23   7  0  0 L3P D5
G18 FF 60600 213000  780 542 1404     6582545     12        -358      0   12 120   92   -8   80  -24   80  -24  11  0  0 L3P E1
G25 FF 60600 213000  780 307  971    -4995243   -123        -359   -124   27 117  146   22  113  120  113  120  20  0  0 L3P 6E
G26 FF 60600 213000  780 482 3117     -532476     83        -370    -11    9  11  100  -10   48    2   48    2   7  0  0 L3P AB
G28 FF 60600 213000  780 648 2077     4492344    113        -386    -14   10 166   83    5   83   22   83   22   8  0  0 L3P F6
G29 FF 60600 213000  780 473  431     5704970    -60        -345    -32   10  25  102   11   48   34   48   34   8  0  0 L3P DD
G31 FF 60600 213000  780 589 2899     2231982     16        -373     22    7  55   87   -4   53  -13   53  -13   5  0  0 L3P E1
G18 FF 60600 214600  780 600 1299     6582551    -18        -364    -30   10 120   86   -5   68    5   68    5   9  0  0 L3P E1
G25 FF 60600 214600  780 256 1032    -4995226     18        -342     17   23 117  172   33  123    4  123    4  21  0  0 L3P 02
G26 FF 60600 214600  780 546 3165     -532387     93        -372     -1   10  11   92   -8   47    0   47    0   9  0  0 L3P 9E
G28 FF 60600 214600  780 575 1996     4492467    120        -385     -8    8 166   89    8   91   25   91   25   7  0  0 L3P FE
G29 FF 60600 214600  780 408  463     5704947     -7        -342     20   17  25  114   15   47  -14   47  -14  15  0  0 L3P F9
G31 FF 60600 214600  780 619 2753     2231979     -7        -371     -1    5  55   85   -1   51    4   51    4   4  0  0 L3P 8C
G16 FF 60600 220200  780 285 3043     1521777   -120        -337    -19   21  88  156  -31   51    7   51    7  18  0  0 L3P 05
G18 FF 60600 220200  780 643 1149     6582556    -14        -372    -26   14 121   83   -2   59    1   59    1  10  0  0 L3P DF
G25 FF 60600 220200  780 205 1087    -4995216     -6        -334     -7   39 118  212   52  149   41  149   41  29  0  0 L3P 33
G26 FF 60600 220200  780 613 3215     -532305     92        -385     -2    9  13   85   -6   50  -11   50  -11   7  0  0 L3P B2
G28 FF 60600 220200  780 498 1949     4492591    113        -387    -14    7 167   98   12  103   35  103   35   5  0  0 L3P 27
G29 FF 60600 220200  780 345  499     5704931     -6        -333     22   29  33  132   21   43  -27   43  -27  25  0  0 L3P F5
G31 FF 60600 220200  780 622 2584     2231965      6        -378     11    8  80   84    1   61    0   61    0   8  0  0 L3P 6A
G16 FF 60600 221800  780 345 3085     1521667   -124        -351    -24   18  88  132  -21   48   -5   48   -5  15  0  0 L3P 27
G18 FF 60600 221800  780 659  961     6582555      2        -385    -11   10 121   82    0   61    6   61    6   9  0  0 L3P 9B
G25 FF 60600 221800  780 154 1139    -4995238   -160        -358   -161   37 118  279   93  283  277  283  277  29  0  0 L3P CB
G26 FF 60600 221800  780 682 3270     -532219     91        -390     -3    9  13   80   -4   46    3   46    3   6  0  0 L3P 8A
G28 FF 60600 221800  780 421 1917     4492717     97        -383    -30   20 167  111   17  121   44  121   44  17  0  0 L3P 35
G29 FF 60600 221800  780 286  538     5704903    -22        -335      5   43  33  156   30   50   -9   50   -9  42  0  0 L3P D7
G31 FF 60600 221800  780 599 2425     2231966    -24        -372    -18   10  80   86    3   64   22   64   22   8  0  0 L3P DF
G16 FF 60600 223400  780 409 3125     1521555   -106        -366     -6   15  88  114  -16   53    6   53    6  14  0  0 L3P F3
G18 FF 60600 223400  780 644  774     6582560     13        -393      0   14 121   83    2   61    1   61    1  11  0  0 L3P 89
G23 FF 60600 223400  780 145 1324    -3438868    -55        -302     27   41 131  294 -105  241 -196  241 -196  33  0  0 L3P A2
G26 FF 60600 223400  780 754 3342     -532128    110        -390     15    5  13   77   -3   49   -8   49   -8   4  0  0 L3P BE
G27 FF 60600 223400  780 255 2655      345635    -80        -392    -81   36  63  173  -33  128   45  128   45  27  0  0 L3P 40
G28 FF 60600 223400  780 345 1893     4492854    171        -368     44   16 167  132   26  136   -7  136   -7  14  0  0 L3P 4A
G29 FF 60600 223400  780 230  580     5704878   -132        -333   -104   25  33  191   44   64  117   64  117  21  0  0 L3P 40
G31 FF 60600 223400  780 554 2300     2231959     -8        -373     -2    7  80   91    6   73   10   73   10   6  0  0 L3P 97
G16 FF 60600 225000  780 476 3161     1521460   -123        -365    -23   10  88  101  -11   44   18   44   18   8  0  0 L3P 08
G18 FF 60600 225000  780 603  633     6582585     30        -379     17    9 121   86    4   54  -12   54  -12   7  0  0 L3P CE
G23 FF 60600 225000  780 198 1272    -3439019     21        -374    103   68 131  219  -57  195 -178  195 -178  60  0  0 L3P AB
G26 FF 60600 225000  780 826 3486     -532037     85        -389     -9    6  13   75   -1   52   13   52   13   4  0  0 L3P B6
G27 FF 60600 225000  780 306 2719      345635     -4        -394     -5   14  63  146  -23  109   -8  109   -8   9  0  0 L3P F7
G28 FF 60600 225000  780 272 1873     4492967    165        -377     38   22 167  163   41  186   36  186   36  17  0  0 L3P 65
G29 FF 60600 225000  780 176  624     5704838     70        -347     97   44  33  245   71   93 -100   93 -100  38  0  0 L3P 30
G31 FF 60600 225000  780 497 2208     2231947    -12        -381     -6   13  80   98    9   92   14   92   14  11  0  0 L3P DA
G16 FF 60600 230600  780 546 3194     1521365    -95        -364      5    9  88   92   -8   41   -1   41   -1   8  0  0 L3P B7
G18 FF 60600 230600  780 547  541     6582597     53        -380     41   10 121   92    7   57  -34   57  -34   9  0  0 L3P EA
G23 FF 60600 230600  780 250 1216    -3439080    -77        -357      5   22 131  176  -35  123  -41  123  -41  20  0  0 L3P 40
G26 FF 60600 230600  780 871  747     -531941     98        -383      4    8  13   75    0   51   -1   51   -1   6  0  0 L3P 7C
G27 FF 60600 230600  780 356 2787      345644     44        -386     42   12  63  128  -16   87  -44   87  -44   9  0  0 L3P 19
G28 FF 60600 230600  780 202 1854     4493100     79        -366    -48   36 167  216   72  273  153  273  153  35  0  0 L3P 6D
G29 FF 60600 230600  780 125  670     5704841    -24        -318      3   66  33  339  132   72    4   72    4  54  0  0 L3P CE
G31 FF 60600 230600  780 433 2141     2231946    -34        -376    -28   22  80  109   14  101   36  101   36  22  0  0 L3P 16
G10 FF 60600 232200  780 153 1525     1622166    122        -284    -13   68  55  281 -109  254 -168  254 -168  57  0  0 L3P 9A
G16 FF 60600 232200  780 619 3221     1521266    -84        -367     16    8  88   85   -6   42  -17   42  -17   6  0  0 L3P ED
G18 FF 60600 232200  780 483  487     6582617     15        -371      2   11 121  100   11   54    8   54    8  10  0  0 L3P B0
G23 FF 60600 232200  780 299 1151    -3439171    -49        -369     32   25 131  149  -22   99  -46   99  -46  23  0  0 L3P 60
G26 FF 60600 232200  780 810 1340     -531853     96        -386      2    6  13   76    2   54    3   54    3   5  0  0 L3P 6A
G27 FF 60600 232200  780 406 2860      345655    -26        -376    -27   15  63  115  -12   64   16   64   16  14  0  0 L3P 0A
G28 FF 60600 232200  780 135 1835     4493320    627        -269    500   34 167  316  143  293 -558  293 -558  36  0  0 L3P BF
G31 FF 60600 232200  780 367 2091     2231936    -36        -380    -30   15  80  125   20  119   45  119   45  12  0  0 L3P 21
G10 FF 60600 233800  780 214 1486     1622201     33        -380   -103   30  55  203  -58  205   -4  205   -4  25  0  0 L3P 18
G16 FF 60600 233800  780 695 3240     1521163    -98        -374      2   10  88   80   -4   45   -4   45   -4   9  0  0 L3P C6
G18 FF 60600 233800  780 416  459     6582641     47        -360     34   14 121  113   15   47  -29   47  -29  10  0  0 L3P 16
G23 FF 60600 233800  780 343 1077    -3439234   -103        -353    -21   27 131  132  -14   67   19   67   19  23  0  0 L3P 46
G26 FF 60600 233800  780 734 1451     -531764    103        -388      9   11  13   78    3   58   -3   58   -3  10  0  0 L3P C5
G27 FF 60600 233800  780 455 2939      345660      1        -372      0   14  63  105   -9   55  -11   55  -11  12  0  0 L3P CC
G31 FF 60600 233800  780 300 2050     2231948     60        -362     66   18  80  149   31  139   -2  139   -2  15  0  0 L3P 03
G10 FF 60600 235400  780 278 1444     1622332    116        -378    -19   22  55  160  -35  137  -38  137  -38  16  0  0 L3P 62
G16 FF 60600 235400  780 773 3236     1521070   -108        -371     -8    6  88   77   -2   40    4   40    4   5  0  0 L3P AC
G18 FF 60600 235400  780 348  448     6582665     41        -347     28   21 121  131   23   40  -24   40  -24  18  0  0 L3P 0B
G23 FF 60600 235400  780 378  992    -3439305    -91        -346     -9   17 131  122   -8   56   30   56   30  15  0  0 L3P 0E
G26 FF 60600 235400  780 656 1505     -531679    101        -394      6   11  13   82    5   67   -5   67   -5  10  0  0 L3P C4
G27 FF 60600 235400  780 504 3026      345662      6        -371      5    8  63   97   -7   51   -1   51   -1   7  0  0 L3P 79
G31 FF 60600 235400  780 235 2016     2231938      6        -367     12   34  80  187   49  216   99  216   99  24  0  0 L3P 1C
