 RAW CLOCK RESULTS
LAB = UGR
X = +5077155.53 m
Y =  -321597.67 m
Z = +3835335.89 m
FRAME = ITRF
COMMENTS = NO IONO CORRECTION
COMMENTS =
INT DLY =    0.0 ns (GAL E1 ),
CAB DLY =  157.0 ns
REF DLY =    5.0 ns
CKSUM = A5

PRN CL  MJD  STTIME TRKL ELV AZTH   REFSV      SRSV     REFSYS    SRSYS  DSG IOE MDTR SMDT MDIO SMDI MSIO SMSI ISG FR HC FRC CK
             hhmmss  s  .1dg .1dg    .1ns     .1ps/s     .1ns    .1ps/s .1ns     .1ns.1ps/s.1ns.1ps/s.1ns.1ps/s.1ns
E02    60559 140800      164 1424    -1017101             554792              41  261         0      1461                 E1
E03    60559 140800      553  427    +1939446             553583              41   91         0       503                 E1
E08    60559 140800      556 2937    +3865643             553691              41   90         0       445                 E1
E13    60559 140800      442 2895     +798930             553718              41  107         0       525                 E1
E26    60559 140800       61 3283    +3324015             554025              37  647         0       738                 E1
E02    60559 140830      165 1423    -1017133             554761              41  259         0      1427                 E1
E03    60559 140830      551  429    +1939432             553569              41   91         0       509                 E1
E08    60559 140830      557 2939    +3865624             553670              41   90         0       438                 E1
E13    60559 140830      442 2892     +798906             553694              41  107         0       530                 E1
E26    60559 140830       62 3282    +3323964             553978              37  635         0       780                 E1
E02    60559 140900      167 1422    -1017180             554715              41  257         0       780                 E1
E03    60559 140900      550  431    +1939402             553538              41   91         0       514                 E1
E07    60559 140900       98 2648    +1960285             554313              41  422         0      1130                 E1
E08    60559 140900      558 2942    +3865600             553644              41   90         0       438                 E1
E13    60559 140900      442 2890     +798880             553669              41  107         0       533                 E1
E26    60559 140900       64 3282    +3323901             553918              37  624         0       825                 E1
E02    60559 140930      168 1421    -1017212             554684              41  254         0      1458                 E1
E03    60559 140930      549  433    +1939381             553516              41   91         0       520                 E1
E07    60559 140930       99 2649    +1960321             554348              41  418         0      1007                 E1
E08    60559 140930      559 2945    +3865583             553626              41   90         0       432                 E1
E13    60559 140930      442 2887     +798870             553658              41  107         0       512                 E1
E26    60559 140930       65 3281    +3323897             553918              37  613         0       803                 E1
E02    60559 141000      170 1420    -1017241             554655              41  252         0      1491                 E1
E03    60559 141000      548  435    +1939380             553514              41   91         0       506                 E1
E07    60559 141000      100 2651    +1960311             554337              41  414         0      1004                 E1
E08    60559 141000      560 2948    +3865563             553603              41   90         0       429                 E1
E13    60559 141000      443 2884     +798830             553618              41  107         0       535                 E1
E26    60559 141000       66 3280    +3323944             553967              37  602         0       703                 E1
E02    60559 141030      171 1419    -1017267             554631              41  250         0      1496                 E1
E03    60559 141030      547  437    +1939350             553484              41   92         0       517                 E1
E07    60559 141030      101 2652    +1960576             554602              41  410         0       662                 E1
E08    60559 141030      561 2951    +3865551             553590              41   90         0       429                 E1
E13    60559 141030      443 2882     +798825             553613              41  107         0       514                 E1
E26    60559 141030       67 3279    +3323886             553913              37  592         0       753                 E1
E02    60559 141100      173 1417    -1017301             554597              41  248         0      1486                 E1
E03    60559 141100      545  440    +1939344             553477              41   92         0       488                 E1
E07    60559 141100      102 2654    +1960465             554490              41  406         0       714                 E1
E08    60559 141100      562 2954    +3865521             553557              41   90         0       430                 E1
E13    60559 141100      443 2879     +798791             553579              41  107         0       529                 E1
E26    60559 141100       69 3279    +3323840             553871              37  582         0       764                 E1
E02    60559 141130      175 1416    -1017332             554568              41  246         0      1499                 E1
E03    60559 141130      544  442    +1939303             553436              41   92         0       511                 E1
E07    60559 141130      104 2655    +1960705             554730              41  402         0       342                 E1
E08    60559 141130      562 2957    +3865504             553538              41   90         0       422                 E1
E13    60559 141130      443 2876     +798783             553570              41  107         0       505                 E1
E26    60559 141130       70 3278    +3323806             553839              37  573         0       762                 E1
E02    60559 141200      176 1415    -1017347             554553              41  244         0      1479                 E1
E03    60559 141200      543  444    +1939297             553429              41   92         0       489                 E1
E07    60559 141200      105 2657    +1960760             554784              41  398         0       226                 E1
E08    60559 141200      563 2960    +3865476             553509              41   90         0       423                 E1
E13    60559 141200      443 2874     +798747             553535              41  107         0       526                 E1
E02    60559 141230      178 1414    -1017378             554523              42  242         0      1486                 E1
E03    60559 141230      542  446    +1939261             553393              42   92         0       500                 E1
E08    60559 141230      564 2963    +3865448             553480              42   90         0       429                 E1
E13    60559 141230      444 2871     +798723             553510              42  107         0       525                 E1
E26    60559 141230       73 3276    +3323482             553522              37  555         0      1075                 E1
E02    60559 141300      179 1413    -1017439             554463              42  240         0      1519                 E1
E03    60559 141300      541  448    +1939236             553366              42   92         0       500                 E1
E07    60559 141300      107 2660    +1961404             555427              41  391         0      -804                 E1
E08    60559 141300      565 2966    +3865423             553453              42   90         0       432                 E1
E13    60559 141300      444 2868     +798682             553469              42  107         0       549                 E1
E02    60559 141330      181 1412    -1017477             554426              42  238         0      1510                 E1
E03    60559 141330      539  450    +1939236             553366              42   92         0       492                 E1
E07    60559 141330      108 2661    +1962159             556181              41  387         0      ****                 E1
E08    60559 141330      566 2969    +3865409             553437              42   89         0       434                 E1
E13    60559 141330      444 2865     +798684             553470              42  107         0       526                 E1
E26    60559 141330       75 3275    +3323665             553712              37  538         0       799                 E1
E02    60559 141400      182 1411    -1017509             554394              42  236         0      1518                 E1
E03    60559 141400      538  453    +1939218             553348              42   92         0       487                 E1
E07    60559 141400      109 2663    +1962162             556183              41  383         0      ****                 E1
E08    60559 141400      567 2972    +3865402             553428              42   89         0       417                 E1
E13    60559 141400      444 2863     +798668             553455              42  107         0       518                 E1
E26    60559 141400       76 3274    +3323643             553693              37  530         0       774                 E1
E02    60559 141430      184 1410    -1017539             554366              42  234         0      1509                 E1
E03    60559 141430      537  455    +1939216             553345              42   93         0       473                 E1
E07    60559 141430      110 2664    +1961971             555992              41  380         0      ****                 E1
E08    60559 141430      568 2975    +3865377             553402              42   89         0       431                 E1
E13    60559 141430      444 2860     +798647             553434              42  107         0       523                 E1
E26    60559 141430       78 3273    +3323812             553865              37  522         0       539                 E1
